14
754
22
755
39
2471
45
2585
50
2602
58
3031
79
3189
83
3210
98
3232
102
3443
121
3630
131
4194
135
4197
143
4570
166
4780
169
4824
172
4869
184
5689
204
6118
224
6393
243
6404
262
7635
269
8406
275
8458
284
8574
316
9378
317
10285
339
10859
364
12765
366
13470
378
14712
384
14790
390
14977
449
15618
458
15776
470
15826
481
16078
482
17056
494
17358
510
17476
513
17927
523
19200
544
19365
550
19493
552
19496
562
19551
572
20046
598
20825
601
21650
604
21697
607
23302
610
24237
620
24963
629
26141
638
27127
657
27316
673
28247
684
28474
687
29108
706
29510
711
31029
725
31050
735
31179
748
31354
750
31557
752
32689
754
32868
755
33556
760
34106
763
34320
779
35285
790
35409
811
36109
815
36998
831
37694
842
37812
857
37983
864
38009
899
38466
945
38553
959
38770
977
39250
978
40757
983
40840
995
40871
996
41161
1022
42007
1033
42822
1040
42893
1043
43508
1050
43597
1055
43633
1057
44195
1061
46265
1072
46574
1085
46625
1088
47861
1093
47960
1130
48254
1135
48745
1138
48746
1149
49341
1166
49689
1181
49898
1182
51126
1185
52358
1205
52590
1214
53547
1232
53716
1240
54178
1243
54192
1260
54335
1262
54591
1298
55144
1302
55281
1303
55476
1310
55664
1312
56229
1338
56513
1348
56543
1363
57530
1389
59274
1409
59330
1415
48058
1467
449
1474
1050
1481
1149
1486
1363
1498
1498
1503
1648
1504
2392
1519
2732
1522
2860
1527
3945
1533
4538
1559
5083
1564
5270
1574
5287
1593
6088
1605
6549
1616
7411
1621
7701
1632
8079
1634
8280
1638
9136
1648
9677
1686
9693
1692
10096
1694
11221
1695
11570
1700
12189
1717
12193
1791
12278
1797
12367
1801
12377
1813
12510
1821
12590
1831
12602
1847
12966
1865
13018
1891
13042
1917
13489
1921
13605
1955
14384
1958
14836
1967
14922
1987
15159
2037
16695
2043
16995
2046
17210
2047
17546
2055
17912
2057
19019
2062
20861
2066
21238
2088
21344
2092
22278
2100
22500
2119
23373
2133
24040
2142
24325
2153
24455
2157
25017
2161
25409
2178
25972
2213
26475
2227
26882
2232
27199
2234
27841
2236
29646
2264
30566
2271
30683
2273
31165
2306
31280
2328
31381
2337
31670
2342
31826
2356
32954
2365
33009
2377
33592
2380
33625
2382
34207
2384
34271
2386
34519
2392
34618
2399
34759
2400
34796
2413
36002
2435
36152
2453
36842
2456
37955
2471
38182
2483
38230
2498
38750
2518
39228
2529
39480
2560
40531
2579
40558
2585
40903
2602
41397
2606
42859
2644
42973
2681
45443
2686
46709
2701
46928
2732
48071
2744
48504
2747
48890
2751
50158
2755
50762
2764
51034
2792
51388
2800
51598
2806
53447
2818
53759
2856
54767
2860
54963
2886
55008
2895
55099
2918
55156
2926
55512
2946
55696
2951
55743
2973
55901
3002
56331
3015
56355
3031
56681
3059
56780
3085
56966
3094
57063
3111
57275
3132
57443
3136
57489
3181
57499
3183
57510
3189
57643
3191
57914
3210
59197
3232
59312
3254
5825
3258
16928
3276
19113
3298
21944
3301
22756
3310
28241
3323
34318
3326
41020
3336
42404
3337
166
3343
184
3357
610
3371
2946
3385
2973
3414
3829
3429
4659
3443
5065
3467
5128
3477
5728
3486
5905
3495
6350
3497
6890
3521
7672
3535
7973
3536
7979
3546
8663
3549
10231
3584
10287
3601
10751
3609
10972
3611
11382
3615
11984
3630
15113
3660
15410
3667
15565
3668
16271
3671
17005
3676
17351
3695
17479
3708
18530
3712
18979
3716
19684
3733
20097
3734
21519
3741
22722
3753
24555
3820
24617
3823
26275
3829
26768
3839
27589
3859
27758
3865
28202
3866
28264
3867
29208
3876
29248
3893
29675
3923
30080
3926
30230
3928
30239
3930
30323
3935
30840
3945
30909
3952
31574
3953
32765
3960
33057
3966
33795
3971
34498
3979
34706
3994
35719
3999
35979
4014
38279
4017
38713
4039
39233
4047
39267
4053
40211
4069
40320
4075
40437
4083
40510
4095
42114
4107
42511
4116
43538
4117
44494
4139
45044
4144
45047
4158
45164
4165
45644
4166
45655
4172
46412
4179
46471
4194
47245
4197
47547
4208
47820
4225
48147
4227
48347
4233
48667
4235
49160
4241
49206
4269
49269
4283
49467
4303
49649
4313
50623
4322
50717
4328
51071
4332
51295
4340
51890
4360
51995
4369
52009
4376
52371
4389
52621
4397
52812
4408
52951
4423
53023
4425
53084
4455
53612
4462
53674
4467
53809
4475
55350
4480
55723
4518
56159
4536
56206
4538
56559
4544
56650
4552
56995
4556
57191
4570
57380
4581
57658
4602
57677
4616
59148
4621
59167
4633
8118
4634
20988
4641
27898
4659
29010
4662
35091
4677
41808
4678
58
4698
378
4701
1232
4703
1409
4704
1415
4705
3865
4709
4536
4729
4811
4733
5110
4735
5843
4755
6431
4779
7786
4780
10243
4811
11447
4824
11946
4863
12019
4866
12096
4869
12376
4883
13132
4906
14002
4908
14089
4918
14929
4925
15064
4936
18011
4937
18393
4941
18399
4991
18452
5012
18671
5018
19033
5021
19644
5022
20003
5052
20212
5061
20650
5065
22272
5068
24002
5070
24641
5074
24820
5077
25597
5083
26956
5099
26972
5110
27444
5113
27735
5114
27787
5115
28142
5128
28195
5132
28710
5142
29557
5143
31343
5151
31588
5165
32063
5190
32281
5227
32514
5230
32609
5236
33570
5244
34162
5246
34821
5270
36766
5287
37010
5300
37107
5305
37180
5307
37230
5316
37414
5328
38878
5355
39804
5356
40664
5359
41994
5368
43557
5381
44445
5396
45629
5397
46186
5413
46532
5427
47984
5433
48235
5434
50559
5447
51206
5449
51831
5456
52310
5480
52627
5484
53658
5492
55960
5496
56103
5499
56222
5523
56541
5526
57842
5530
3086
5551
5940
5560
8721
5565
29696
5572
35121
5574
42608
5584
44416
5602
46243
5607
49186
5614
51325
5683
53490
5686
23853
5689
3712
5706
9069
5707
17541
5709
20626
5728
41706
5736
45851
5737
47379
5741
1593
5742
3546
5760
4369
5765
4376
5768
5300
5779
5584
5786
8728
5794
9641
5809
9755
5814
11034
5819
11645
5825
11700
5831
12535
5843
12586
5852
13279
5858
14003
5881
14787
5891
19810
5905
19855
5910
20295
5930
20487
5938
22028
5940
22581
5974
25203
5998
26414
6009
27209
6035
27846
6088
28542
6110
29458
6118
29899
6121
31981
6136
33146
6155
33674
6181
34661
6185
35315
6188
35466
6222
36627
6224
40084
6237
40854
6259
42255
6268
42467
6270
43069
6285
43544
6303
44090
6307
44752
6329
46647
6338
48481
6350
49125
6361
49355
6362
49483
6374
50243
6376
50988
6393
51591
6394
52832
6396
53135
6398
55368
6403
55377
6404
55787
6408
56261
6416
56575
6419
57080
6431
131
6433
899
6434
2062
6449
2213
6481
7238
6482
7249
6494
9011
6508
10575
6518
13423
6549
15216
6568
16288
6579
16489
6595
17892
6649
18957
6672
22417
6681
24033
6684
24678
6717
24992
6741
27819
6754
27916
6779
28488
6787
29125
6792
29257
6808
30151
6816
30519
6835
33241
6852
36603
6865
38081
6890
43222
6914
45795
6953
46898
6959
47839
6970
48711
6991
49187
7005
50335
7021
52451
7050
54293
7053
54655
7058
54661
7101
58145
7118
83
7208
1085
7238
1481
7249
4241
7251
4322
7255
4755
7257
6307
7259
6684
7279
6816
7295
7101
7305
7757
7311
8770
7327
8826
7335
9548
7354
11796
7371
11905
7374
11929
7411
12025
7441
12348
7448
12631
7460
12766
7479
13024
7498
13999
7504
14396
7516
16521
7518
17217
7526
17279
7536
18448
7555
18902
7558
19146
7563
20074
7569
20360
7571
20700
7572
21078
7596
22736
7598
24429
7603
24615
7608
25737
7625
26834
7635
27679
7637
28263
7652
28652
7659
28913
7669
29286
7670
29423
7672
29551
7677
30030
7684
30187
7690
30825
7701
31483
7712
31492
7726
31590
7742
31800
7745
32795
7748
33030
7749
33858
7757
33888
7773
34035
7777
35072
7784
35155
7786
35788
7793
36250
7794
36643
7818
38684
7823
40189
7835
42227
7840
42615
7843
44521
7857
44588
7885
45519
7895
46049
7897
46279
7931
47901
7951
47999
7953
48160
7973
48824
7979
49894
7987
50842
8003
51404
8004
51572
8026
52237
8027
55128
8029
56790
8038
57461
8059
57542
8079
39
8099
384
8109
790
8114
811
8118
1181
8138
1338
8168
3094
8170
3536
8180
4906
8199
5560
8236
5572
8264
6361
8280
6595
8281
7279
8298
7374
8300
7569
8302
7690
8321
7951
8341
8494
8342
9974
8356
10560
8363
10695
8378
10788
8398
10980
8406
12454
8434
13513
8444
14098
8455
14252
8458
15026
8469
15594
8494
15744
8502
15827
8511
16272
8533
16423
8537
16622
8552
16741
8574
16779
8586
16992
8601
17570
8611
17573
8612
17664
8622
18678
8636
18697
8639
18699
8663
18709
8673
18880
8674
18928
8680
19354
8683
19841
8698
21883
8706
22633
8709
22650
8721
23819
8728
23878
8730
24028
8734
24239
8736
24275
8761
24443
8770
26135
8776
26182
8826
26579
8839
26973
8843
28193
8858
28570
8861
30431
8867
30579
8879
30870
8892
31672
8913
31703
8920
32700
8934
32755
8960
33021
8963
33107
8993
33275
9009
33337
9011
34081
9013
34837
9023
34898
9028
35387
9049
36376
9055
36397
9069
36485
9072
36768
9084
37039
9093
37214
9105
37465
9111
38639
9113
38767
9136
39172
9141
39254
9150
41078
9180
41269
9187
41825
9188
42146
9193
42182
9194
42305
9206
42817
9210
43310
9211
43865
9215
43938
9227
44284
9231
44770
9254
44899
9260
45186
9264
45407
9270
45449
9285
45536
9289
45741
9303
46405
9318
46640
9329
46942
9342
47128
9366
47350
9367
47565
9378
47912
9393
48093
9444
48883
9453
48949
9458
48980
9500
49048
9511
50117
9537
50174
9548
50370
9561
50862
9564
51625
9570
52470
9600
52700
9629
53161
9634
53264
9641
53403
9655
54112
9661
54188
9662
55510
9677
55591
9693
55655
9695
56098
9704
56132
9709
56203
9710
56720
9727
56830
9755
56889
9772
56909
9799
57200
9814
57283
9821
57493
9831
57706
9833
25712
9853
26497
9857
52932
9864
3301
9871
10256
9873
10604
9886
11062
9893
11454
9901
12143
9924
13874
9929
16971
9967
17352
9974
19764
9978
20582
9997
22284
10009
24478
10016
31608
10017
35183
10020
37533
10021
38131
10054
42333
10067
42814
10091
43014
10096
45905
10112
50140
10125
51867
10152
53130
10172
53648
10191
55552
10205
57365
10231
42093
10243
9215
10256
11190
10267
13391
10278
13501
10285
25502
10287
32592
10309
40206
10340
53811
10367
57157
10378
1865
10385
20347
10388
24703
10389
25057
10421
26767
10439
27513
10452
27595
10472
28711
10473
34869
10525
35694
10530
40003
10532
41157
10551
41231
10560
43751
10573
45109
10575
45939
10604
10872
10610
11517
10617
13852
10628
15340
10652
16427
10658
17428
10665
17743
10672
18327
10686
19376
10688
19426
10695
20250
10710
20662
10739
21945
10740
21975
10747
24696
10751
25685
10754
28832
10758
32709
10787
33620
10788
34087
10797
35174
10813
37161
10823
39904
10852
40041
10857
40701
10859
41733
10872
42479
10877
48027
10889
52269
10899
52339
10916
52655
10927
53357
10932
54826
10950
54981
10955
55408
10960
55632
10965
55914
10969
58546
10972
19871
10980
46035
10992
2227
11034
3611
11039
6959
11062
8180
11083
13657
11097
16041
11099
48757
11137
50186
11153
55760
11190
1022
11221
1695
11235
2047
11248
3343
11251
3535
11256
3601
11273
3820
11284
4991
11298
5070
11312
5114
11314
5413
11346
6338
11348
6482
11351
7371
11372
7794
11382
9009
11387
9227
11392
9511
11406
11675
11419
13007
11428
13136
11434
14948
11447
15884
11454
17179
11479
17488
11488
18504
11517
19333
11522
19400
11537
20410
11548
20881
11554
21503
11564
21737
11569
22047
11570
22306
11571
22338
11575
23275
11584
24258
11593
25018
11598
25894
11608
28109
11645
28233
11666
30708
11675
31505
11679
32480
11699
32749
11700
33221
11722
33866
11766
35509
11771
35648
11794
37165
11795
38582
11796
38912
11812
40890
11816
41053
11869
41190
11872
41316
11884
42276
11905
42594
11916
42709
11918
43536
11925
45699
11929
45796
11935
46228
11946
47779
11951
48194
11965
50040
11966
50272
11969
50489
11979
52609
11984
53411
11987
53551
11991
53846
12000
55029
12018
56376
12019
56524
12022
56702
12023
143
12025
1605
12033
3002
12035
4172
12060
4925
12096
5910
12118
5974
12133
6181
12143
6259
12152
6579
12163
7608
12171
7652
12188
7823
12189
7843
12193
8003
12229
9318
12236
11273
12255
13936
12258
14250
12261
14348
12265
14869
12273
15225
12275
16430
12276
17529
12278
17567
12291
18584
12295
18951
12297
19515
12302
21283
12310
21641
12322
21931
12330
22081
12339
24174
12340
24287
12342
25824
12347
26068
12348
26667
12351
29562
12366
29812
12367
31104
12376
31107
12377
31219
12409
31972
12414
34155
12420
35363
12440
36167
12442
37616
12454
38016
12456
39147
12472
41434
12474
42161
12485
42236
12491
42376
12504
43682
12510
44787
12535
45717
12545
46033
12556
46385
12567
46568
12586
46992
12590
47609
12602
48485
12609
49325
12621
49484
12625
49823
12631
51789
12650
53110
12663
53534
12665
55564
12677
55807
12699
56053
12721
56118
12765
56799
12766
57621
12771
57751
12796
9206
12848
20371
12858
21297
12867
22969
12879
41544
12890
48486
12896
49535
12905
49536
12928
14
12935
22
12945
269
12949
458
12966
494
12972
725
12988
763
12991
1389
13007
1574
13010
2386
13018
3326
13024
3467
13027
3477
13034
3741
13042
3753
13090
3926
13109
4017
13132
5165
13136
6009
13147
6835
13157
7498
13165
7504
13193
7726
13228
8199
13245
8236
13247
8356
13270
9564
13279
9814
13328
10916
13351
10950
13378
11256
13391
11419
13401
11537
13423
11869
13430
12291
13451
13090
13456
13497
13463
13606
13464
13963
13470
14059
13489
14313
13496
14795
13497
15593
13501
15815
13502
16390
13513
16507
13525
16673
13545
17309
13576
17576
13584
17904
13601
18244
13602
18362
13605
18372
13606
18574
13610
18734
13612
18735
13640
18769
13647
18862
13657
18917
13677
19004
13685
19605
13707
20712
13716
20879
13725
21659
13764
22243
13776
22900
13790
23038
13792
23474
13826
23762
13838
23883
13842
24063
13852
25161
13855
25318
13874
25454
13899
25492
13904
25505
13905
25586
13922
25890
13936
26105
13956
26119
13963
26917
13972
27052
13999
28123
14002
28772
14003
29974
14031
30029
14054
30232
14059
30342
14071
30448
14075
30489
14089
30741
14094
31001
14098
31192
14107
31326
14115
32647
14122
33291
14126
35493
14127
36396
14144
36482
14166
36900
14173
37523
14174
37574
14175
38375
14184
38501
14210
38642
14220
39433
14223
40881
14228
40997
14230
41592
14236
41826
14241
42266
14244
42396
14246
42545
14250
42585
14252
42612
14265
42647
14266
42879
14291
42976
14307
43021
14312
43370
14313
43438
14325
43556
14334
43563
14345
44158
14348
44404
14351
45453
14357
45811
14379
46125
14384
46606
14395
46991
14396
47013
14404
47581
14408
47588
14445
47592
14446
47936
14482
48080
14486
48089
14495
48312
14504
48940
14505
49266
14532
49527
14542
49529
14569
50042
14570
50193
14603
50336
14620
51425
14643
51509
14659
51661
14665
51853
14679
51928
14690
52226
14693
52802
14700
52942
14712
53025
14733
53276
14745
53314
14750
53444
14765
53883
14787
54210
14790
54576
14795
54596
14825
54666
14836
55108
14859
55291
14869
55402
14892
55842
14896
55870
14903
55889
14904
55948
14922
55966
14924
56168
14925
56225
14929
56231
14934
56571
14936
56832
14948
56899
14957
57772
14977
57923
15000
22220
15004
8709
15007
48577
15026
56408
15040
8019
15044
37315
15054
9028
15064
9821
15068
20139
15074
20495
15079
40066
15113
2606
15131
4602
15132
16660
15138
20723
15159
36740
15160
40260
15164
18541
15184
38069
15193
45779
15204
49564
15216
12414
15223
15223
15225
2525
15241
4467
15264
5190
15265
7327
15300
8363
15311
8867
15324
10852
15326
14312
15327
14859
15340
16406
15357
17837
15377
18674
15410
19969
15411
21805
15422
25655
15428
26793
15448
27306
15456
27808
15475
29221
15510
32106
15532
33160
15533
36182
15536
36759
15551
39545
15565
40400
15579
41388
15588
42167
15593
47237
15594
47947
15598
48407
15609
50760
15618
53257
15625
54584
15628
16292
15648
39523
15659
44376
15711
51282
15744
604
15776
4662
15784
18632
15789
26692
15815
39119
15826
50014
15827
50878
15852
4863
15855
12545
15878
12699
15881
33248
15884
39134
15886
26552
15890
33446
15906
14174
15919
16397
15924
16580
15933
43895
15942
46561
15998
47052
16000
52458
16030
27150
16034
43863
16039
54915
16041
8639
16045
12491
16053
47275
16068
59174
16078
1310
16096
3876
16103
11812
16125
11965
16137
21360
16145
23995
16146
30721
16161
34599
16164
46653
16174
54457
16186
9537
16221
41016
16237
50184
16271
959
16272
1043
16288
1302
16292
1621
16337
2264
16351
2271
16354
2399
16390
2681
16397
2806
16401
3584
16406
3960
16423
4083
16427
5077
16430
5355
16432
5359
16444
5396
16458
5427
16459
5551
16465
5881
16468
6237
16480
6268
16489
6362
16491
6403
16507
6568
16515
7516
16521
7659
16527
8004
16536
8636
16543
9049
16587
9231
16588
9500
16596
10021
16622
10889
16625
10955
16639
11284
16648
11771
16653
12018
16660
12163
16664
12275
16673
12366
16675
12848
16684
12949
16695
13034
16703
14115
16704
14175
16711
14246
16715
14377
16741
14446
16742
14665
16759
15040
16779
15054
16794
15536
16801
15628
16826
16432
16849
16664
16871
16900
16890
17770
16893
17847
16900
17955
16911
18065
16928
18210
16961
19691
16971
20386
16980
20570
16987
21669
16991
21788
16992
21929
16995
22136
17005
22152
17039
22276
17056
23533
17081
24247
17124
24274
17146
24773
17177
25211
17179
25405
17210
25566
17217
25821
17225
26180
17242
26234
17251
26974
17256
27035
17268
28121
17274
29017
17279
29297
17300
30366
17309
30698
17319
30821
17347
30878
17351
31026
17352
31677
17353
31941
17358
32051
17359
32151
17397
32653
17404
33680
17428
33846
17432
34023
17445
34039
17459
34082
17463
35726
17473
36088
17476
36202
17479
36488
17488
36508
17489
36734
17494
36944
17523
37044
17529
37063
17541
37350
17546
37962
17552
38011
17562
38610
17567
39349
17570
40402
17573
40730
17576
41101
17585
41617
17589
41685
17600
41889
17607
42538
17616
42767
17623
44672
17647
44988
17650
45322
17651
45408
17664
45628
17683
46121
17693
46147
17703
46283
17743
46552
17748
46971
17765
47010
17766
47200
17770
47383
17791
47520
17837
47548
17847
48066
17860
48169
17878
48373
17892
48786
17895
49396
17904
50031
17905
50115
17912
50471
17915
50514
17927
50527
17941
50640
17955
50970
17977
51796
17999
52485
18004
52619
18011
52749
18065
52791
18069
53085
18086
53428
18109
53469
18113
53529
18124
53552
18131
53574
18132
53683
18145
54400
18158
54590
18210
54691
18214
55111
18220
55346
18238
55590
18244
55633
18246
56146
18260
56148
18287
56157
18312
56628
18327
57336
18339
57661
18342
57760
18346
57851
18356
57969
18362
58009
18372
58070
18392
29214
18393
29579
18399
12152
18418
2435
18448
5305
18452
17268
18456
21300
18461
24234
18464
25572
18480
28629
18504
32273
18522
36952
18530
45634
18541
57557
18546
1917
18559
25895
18574
42551
18584
47026
18622
47496
18632
52664
18641
33159
18646
54085
18648
9055
18653
23047
18657
24948
18662
29725
18664
38149
18671
39401
18672
43114
18674
46115
18678
53076
18682
51582
18697
2142
18699
2792
18704
3930
18715
3940
18719
4360
18734
6852
18735
7257
18744
9857
18756
13790
18769
15241
18780
16588
18793
17562
18804
17651
18811
19997
18827
20401
18857
21458
18862
27763
18866
27771
18879
28538
18880
30966
18888
31487
18891
32656
18894
33688
18902
33778
18917
34021
18928
34375
18933
35241
18937
37124
18950
38411
18951
38973
18957
39608
18979
39828
18987
41752
19004
42134
19006
42681
19014
42693
19019
43271
19026
47826
19030
49936
19033
51519
19056
51710
19061
54002
19071
54504
19093
55043
19094
57347
19096
945
19113
20307
19120
21491
19132
22407
19133
23282
19137
31597
19143
33344
19146
48461
19150
50027
19151
56256
19156
983
19172
1634
19193
1638
19200
2055
19221
2153
19222
4227
19228
4397
19234
4544
19247
4908
19301
6508
19307
7305
19333
8511
19354
11966
19356
14126
19361
15300
19365
19222
19376
20018
19388
20778
19400
23084
19426
23645
19458
26940
19483
27736
19488
32150
19489
32396
19493
33691
19496
35108
19506
39087
19515
41442
19526
41681
19528
44479
19531
45639
19548
48073
19551
50364
19567
51738
19605
52066
19620
54976
19630
5858
19644
10016
19680
16125
19684
19151
19691
47602
19716
47640
19748
13109
19751
44992
19764
21057
19794
28364
19810
35215
19831
35566
19837
40281
19841
51076
19855
11575
19863
14144
19877
41141
19883
45894
19892
510
19916
523
19919
552
19927
598
19967
706
19969
1797
19989
1955
20003
1987
20018
2377
20028
3923
20044
3999
20046
4552
20055
5397
20058
6717
20074
7021
20080
8059
20094
8611
20096
8622
20097
11392
20106
11564
20139
11916
20145
12342
20148
12972
20160
13027
20163
13764
20165
14127
20190
15510
20191
16826
20197
17905
20212
18346
20250
18622
20259
19015
20260
19056
20266
19071
20295
19458
20307
22250
20327
22644
20340
23064
20347
23893
20355
24973
20360
25009
20371
27002
20380
27450
20386
27538
20394
28618
20400
28964
20401
30564
20403
30582
20405
30611
20407
30685
20410
31034
20427
31534
20446
32227
20473
33508
20475
34007
20478
34356
20487
34486
20492
35035
20495
36824
20507
36847
20533
37240
20541
37771
20547
38337
20554
39298
20559
40181
20566
40311
20570
40511
20571
40565
20582
40949
20623
41410
20626
42350
20627
44615
20633
44786
20642
44897
20643
45298
20650
45842
20651
45845
20662
45859
20700
46009
20712
46085
20723
46100
20738
46620
20778
47256
20791
49744
20811
50167
20825
51103
20861
51138
20879
51265
20881
52413
20882
52971
20887
54443
20895
54871
20898
55264
20946
56803
20950
56902
20951
57809
20961
12265
20973
12485
20979
38171
20988
38191
20996
54315
21000
2755
21011
5113
21014
5236
21021
43349
21046
4408
21053
5930
21057
9853
21061
14603
21078
16653
21085
17585
21108
17589
21138
20973
21158
24548
21160
26057
21167
27830
21169
35368
21230
38057
21238
49175
21255
52316
21263
45832
21283
49347
21294
36320
21297
2100
21300
5074
21316
5433
21328
8298
21337
11522
21344
12677
21360
25367
21367
25814
21391
28886
21396
30017
21397
33897
21405
44777
21458
51074
21490
52028
21491
4518
21502
9150
21503
14896
21504
18657
21519
19228
21520
23425
21528
23898
21533
28221
21560
39163
21575
53262
21580
57042
21583
57855
21591
3823
21641
8114
21648
12033
21649
14404
21650
40387
21659
12650
21669
711
21697
1401
21718
2560
21727
3859
21737
9997
21740
10389
21741
11346
21746
11872
21777
15311
21788
16351
21804
17977
21805
19026
21819
22744
21824
32439
21836
36429
21837
37960
21848
39220
21850
42424
21861
43676
21866
45465
21877
45856
21883
46768
21888
48217
21896
48985
21913
54328
21914
56253
21926
52206
21929
42918
21931
49060
21944
51482
21945
10473
21968
47540
21969
5499
21975
14228
22001
21138
22023
43302
22028
45367
22047
52426
22052
135
22070
12771
22081
12945
22087
13010
22090
19794
22105
21777
22109
22087
22129
24497
22136
56762
22151
1373
22152
7818
22220
10610
22222
18109
22243
18811
22250
19096
22261
20473
22270
22838
22272
36113
22276
37173
22278
37714
22284
40418
22298
40864
22301
42714
22306
43924
22318
49960
22322
52520
22330
53338
22338
13904
22345
34652
22349
41760
22375
50751
22383
262
22393
638
22407
779
22413
977
22417
1003
22448
3254
22465
3385
22485
4574
22486
4677
22500
4703
22514
5686
22570
6914
22581
7335
22589
7572
22609
9435
22612
9873
22621
9924
22633
10899
22643
11348
22644
11428
22650
11679
22722
11884
22726
16103
22736
17146
22744
17552
22756
20058
22786
20405
22796
21746
22838
23206
22851
24924
22881
26865
22900
28226
22911
32401
22915
33907
22917
36989
22926
38173
22938
38253
22969
38720
22980
38736
22995
38760
23005
38855
23038
39276
23041
41121
23043
43828
23047
44491
23064
45200
23084
45400
23107
45718
23134
46664
23164
51466
23166
53835
23179
54984
23206
56012
23207
56204
23228
2529
23251
3298
23275
4389
23282
5115
23291
9453
23293
9561
23302
16000
23332
16221
23357
20080
23365
22796
23373
25349
23378
28434
23386
28788
23398
42188
23415
47887
23425
50565
23430
56766
23464
30072
23474
47415
23523
27452
23533
48616
23538
98
23546
11488
23625
6155
23645
7311
23651
10205
23655
11918
23679
18113
23693
20887
23709
22465
23762
25477
23778
26306
23779
27109
23819
28808
23831
32763
23853
38857
23878
40995
23880
42382
23883
44208
23893
46443
23894
47716
23896
49542
23898
51213
23927
51810
23956
55209
23957
55339
23982
339
23986
7441
23995
30171
24002
31921
24028
10009
24033
21169
24040
49287
24054
59220
24055
3867
24063
5143
24067
6672
24155
7295
24174
9113
24208
10309
24219
10754
24234
10932
24237
10992
24239
15079
24247
15193
24249
16164
24258
16186
24274
16648
24275
19716
24287
20028
24301
26235
24325
26288
24326
30172
24337
31362
24368
32984
24372
33547
24389
35255
24393
35457
24401
35640
24408
39515
24412
40550
24420
43466
24429
43831
24441
47852
24443
48579
24446
49554
24455
49599
24459
53594
24462
58640
24472
59168
24478
9366
24479
15324
24485
26483
24495
31699
24497
45830
24504
4164
24509
17274
24537
17607
24548
17623
24551
32034
24554
34915
24555
572
24588
3671
24590
8342
24592
21011
24601
25772
24604
38245
24615
42549
24617
51748
24628
55827
24630
24899
24641
35242
24650
41429
24678
57358
24696
51543
24703
57108
24723
21533
24727
44751
24773
7448
24785
12060
24789
12504
24796
15609
24820
28217
24836
47422
24839
47699
24845
48104
24847
54989
24848
4328
24853
11598
24857
38210
24886
42690
24891
55866
24892
2161
24899
14173
24908
16527
24923
28307
24924
32621
24948
49451
24963
169
24973
5737
24980
25150
24985
36514
24992
43935
25008
47411
25009
7526
25017
19172
25018
31757
25037
41171
25046
45284
25057
46320
25108
17703
25150
33736
25153
2133
25171
601
25193
1692
25199
2579
25203
4208
25204
5151
25208
5614
25211
7460
25216
11248
25219
11312
25251
13328
25258
14659
25277
15184
25288
16458
25318
17256
25333
18648
25349
19483
25359
19528
25362
19967
25365
20446
25367
20478
25380
21021
25402
22023
25405
22383
25409
23228
25430
23386
25431
25008
25432
25544
25454
26231
25477
27745
25479
31331
25502
31573
25505
31645
25507
32680
25525
32978
25527
33480
25544
34472
25563
35404
25566
36089
25568
36090
25572
36170
25582
39744
25586
41472
25597
42555
25625
43507
25638
44029
25655
44255
25685
48739
25703
49415
25712
50264
25728
50932
25730
51623
25737
52270
25766
53593
25772
54280
25773
55134
25814
55373
25821
23464
25824
11039
25861
18287
25866
33091
25884
35941
25890
38543
25894
44037
25895
3549
25910
12171
25925
22915
25938
26424
25972
26544
26006
29798
26017
39110
26026
42487
26027
50232
26035
7669
26045
12442
26057
24301
26068
30748
26098
34888
26105
50112
26119
8706
26130
27984
26135
43124
26141
54153
26144
54688
26145
25199
26165
2701
26180
8761
26182
15132
26186
364
26193
16096
26200
18132
26202
19837
26227
21727
26231
23164
26234
24326
26235
28408
26257
30764
26270
31979
26275
32018
26281
32904
26282
35860
26288
36406
26291
38451
26296
42342
26306
42827
26337
45724
26351
48539
26353
51017
26361
54267
26375
54344
26414
56065
26424
1214
26434
6738
26444
10525
26459
21396
26463
24472
26475
31105
26483
32487
26497
34733
26501
39592
26544
44056
26552
51645
26574
51879
26576
54673
26579
2356
26633
14166
26654
18260
26663
34827
26667
45972
26692
49773
26693
54282
26697
40151
26702
13451
26705
31751
26716
39456
26730
2777
26743
25288
26749
4733
26760
8934
26767
33726
26768
46522
26769
16596
26793
550
26801
1312
26806
1474
26809
1694
26820
1813
26834
3310
26843
4634
26859
4678
26877
5021
26878
5707
26882
8533
26890
8960
26917
9393
26927
9444
26940
10665
26946
11083
26950
11794
26956
13792
26968
14244
26972
14482
26973
15533
26974
16536
26988
18246
26996
18672
27002
18827
27029
20951
27035
21575
27041
24368
27044
24590
27052
25432
27053
25861
27072
27041
27087
29593
27098
29820
27101
29958
27109
30497
27127
30765
27130
30885
27140
31496
27149
31787
27150
33334
27152
35937
27185
36526
27188
36532
27199
39256
27209
39319
27225
40847
27239
47785
27254
49318
27285
49576
27292
51368
27306
53491
27316
56281
27328
56291
27342
57383
27383
57472
27401
42116
27405
25445
27444
28864
27450
30353
27452
31859
27485
43020
27513
2382
27538
10797
27542
1166
27555
6808
27589
7885
27594
3250
27595
3676
27645
5434
27670
7598
27672
8469
27679
11766
27703
15648
27727
17081
27735
17860
27736
18342
27737
19014
27745
22621
27747
23357
27758
24389
27763
25171
27771
26270
27787
26821
27791
26890
27808
26946
27819
29272
27830
30139
27841
30428
27846
31853
27850
32117
27867
33889
27882
36971
27898
37482
27916
38719
27928
40055
27934
40196
27940
40908
27954
42327
27984
45553
27987
46387
28015
46428
28041
48414
28087
48566
28109
51525
28121
52340
28123
54015
28132
54395
28142
54405
28169
54956
28170
56109
28193
56410
28195
57124
28202
12890
28217
1072
28221
7251
28226
6970
28233
20996
28241
36227
28247
4053
28253
54169
28263
4166
28264
35052
28269
39606
28274
45195
28280
45763
28286
46013
28306
1632
28307
8341
28364
11722
28376
15456
28408
44125
28410
14408
28434
18653
28472
33606
28474
37485
28488
53869
28521
36241
28526
44535
28538
30525
28542
41942
28552
16760
28558
44640
28570
52715
28606
53514
28614
54233
28618
54906
28629
55304
28638
25507
28652
3614
28656
9329
28660
30100
28676
40620
28701
53969
28706
760
28710
917
28711
5891
28741
6681
28747
7603
28772
13147
28774
16715
28779
18546
28788
18559
28799
20400
28808
25766
28815
28676
28832
32852
28836
38817
28848
46293
28864
46507
28886
48172
28903
48914
28913
50181
28915
52212
28954
52597
28964
55054
29010
55825
29017
55920
29018
56910
29054
2092
29058
20602
29059
1093
29108
2043
29125
3377
29130
4158
29139
18461
29161
39175
29177
40274
29202
43442
29208
43627
29214
43990
29220
45636
29221
45838
29239
13905
29248
3323
29254
3497
29256
1486
29257
4425
29272
5602
29286
8861
29297
9570
29423
9704
29430
29689
29444
38202
29454
38203
29455
47535
29458
50894
29479
52435
29488
55544
29497
1503
29524
3893
29551
4936
29557
12258
29562
13430
29570
18987
29579
20266
29584
20950
29588
21160
29593
21718
29594
21913
29632
25479
29634
26017
29645
31294
29646
31341
29663
31704
29667
33284
29675
33285
29689
35140
29696
35163
29698
35966
29725
51871
29745
52860
29751
53765
29754
54560
29774
56838
29798
4107
29812
17791
29820
21580
29852
29745
29864
39960
29867
41213
29899
46163
29905
50743
29921
52236
29931
53842
29938
5765
29958
6376
29974
12236
29986
15659
29998
17931
30001
18894
30008
32758
30017
37553
30029
44039
30030
46914
30032
21502
30048
1057
30067
3716
30072
4139
30080
8858
30085
9269
30100
11987
30139
14210
30146
15460
30151
20979
30164
21520
30171
22514
30187
25582
30230
38448
30232
49387
30235
43258
30239
46933
30246
7637
30264
9978
30268
15377
30274
20475
30302
35151
30306
37438
30323
40984
30326
42602
30329
46720
30336
55096
30337
57541
30342
42520
30353
48166
30366
8776
30369
26820
30374
37629
30384
13647
30406
17164
30419
22486
30428
27940
30431
29239
30448
49830
30489
49832
30497
11387
30519
12118
30525
15579
30542
18238
30563
19927
30564
27594
30566
35094
30567
35597
30569
36970
30579
55878
30582
620
30596
3953
30611
3971
30658
6136
30669
11406
30683
14345
30685
17523
30691
20791
30694
22817
30698
23291
30701
27225
30708
28170
30720
28274
30721
31380
30737
37719
30741
43909
30745
49312
30748
53909
30751
57678
30764
53521
30765
1019
30770
4069
30771
5456
30797
5786
30817
21591
30821
23104
30825
26514
30840
27149
30842
30067
30869
31425
30870
46161
30878
26444
30879
4269
30885
19831
30906
25773
30909
27328
30962
34612
30966
42772
30972
44943
31001
46953
31025
29018
31026
54411
31029
22926
31034
32694
31042
3439
31050
4095
31078
6419
31085
7749
31088
22448
31104
29354
31105
38672
31107
3919
31114
3667
31122
3866
31165
4303
31179
4883
31192
9871
31219
15004
31228
20094
31237
26950
31241
34617
31253
39958
31263
40177
31280
46101
31294
48385
31296
48783
31321
842
31326
2823
31331
2918
31333
5142
31341
7050
31343
9013
31354
9141
31361
9772
31362
12330
31374
14266
31380
14825
31381
16465
31403
16777
31413
17498
31425
18456
31435
19193
31442
19234
31457
19361
31483
19506
31485
19892
31492
21053
31496
21391
31502
23041
31505
23927
31519
26597
31530
27101
31534
28132
31557
29867
31573
31485
31574
31730
31576
31920
31582
32170
31587
32176
31588
32669
31590
33356
31597
35268
31608
35446
31642
36457
31645
36497
31670
37154
31672
38452
31677
38845
31699
38999
31702
40923
31703
42946
31704
43876
31709
44970
31723
46429
31728
47533
31730
48174
31751
49967
31753
50650
31757
50744
31759
51938
31782
52349
31787
54116
31800
55610
31822
55715
31826
55752
31844
55755
31853
55836
31859
56033
31865
57240
31878
57464
31890
57575
31920
57861
31921
26361
31936
4480
31940
14693
31941
16354
31950
25884
31955
29059
31962
34020
31972
43951
31979
45674
31981
42028
31993
57847
32004
5794
32018
14075
32019
36646
32028
39187
32030
27401
32034
3966
32039
9901
32051
5449
32060
7953
32063
11969
32073
22345
32092
33530
32096
34437
32103
37877
32106
39796
32111
42986
32117
49189
32150
55542
32151
13922
32156
2328
32170
20148
32173
29774
32176
34924
32182
39489
32184
44156
32194
46369
32197
57139
32211
1967
32220
33958
32223
36343
32227
55981
32241
14122
32259
22377
32273
24537
32281
41417
32291
43779
32292
54245
32309
1519
32329
19132
32396
24420
32400
24908
32401
25525
32402
50068
32439
544
32442
2234
32443
10652
32480
18480
32487
29584
32500
32442
32511
38925
32514
45313
32528
57543
32563
44636
32580
10747
32592
41849
32609
21861
32610
34042
32621
35390
32635
55792
32647
43395
32653
50108
32656
56461
32660
33132
32669
52687
32680
16459
32689
5307
32694
50996
32700
8839
32709
26743
32714
30264
32732
45031
32746
55540
32749
10458
32755
15625
32758
19636
32763
19919
32765
26257
32795
28915
32848
33325
32852
51070
32858
54961
32864
58040
32868
58071
32904
482
32906
9367
32954
14307
32978
31253
32984
38120
33009
39619
33018
46815
33021
48880
33030
2347
33047
48870
33057
26296
33087
37924
33091
29905
33100
31441
33107
47753
33144
50274
33146
7670
33159
14892
33160
14924
33218
16991
33221
22980
33226
24980
33230
26576
33233
28903
33235
34813
33237
35968
33241
43223
33248
45531
33252
48830
33262
50161
33270
55804
33275
13351
33284
16911
33285
22349
33291
46278
33309
14066
33321
56420
33322
864
33325
1298
33326
28836
33334
36949
33337
44205
33344
41923
33348
38998
33356
19388
33446
9695
33461
51005
33480
2393
33494
5831
33508
23259
33526
24796
33530
27383
33539
42775
33547
44347
33556
48269
33570
45365
33592
7536
33606
2365
33620
14903
33625
1061
33644
2886
33674
5012
33680
7053
33688
7625
33691
10054
33698
10857
33714
12725
33719
18664
33724
18682
33726
21740
33731
26859
33736
28165
33739
29202
33778
29751
33783
30331
33795
30745
33811
34293
33846
34932
33858
39258
33866
42060
33881
43321
33888
43781
33889
43792
33897
44467
33910
46092
33919
54073
33945
11548
33958
12023
33980
26702
33982
34070
33985
38737
34007
43684
34010
45241
34020
51833
34021
24604
34023
28701
34035
57024
34039
1504
34042
18312
34070
44858
34081
2273
34082
5447
34087
26843
34099
38437
34106
38622
34111
46563
34114
53459
34142
54628
34155
3503
34162
3839
34165
13956
34193
19006
34207
32580
34232
34165
34271
39395
34276
56946
34283
4117
34286
6224
34293
25204
34295
31237
34318
32848
34320
39342
34333
44824
34335
46576
34355
1564
34356
3935
34360
4340
34375
6185
34426
8879
34472
10617
34486
10672
34498
10877
34507
12000
34512
12229
34519
13826
34549
14745
34569
15357
34599
15422
34612
17251
34617
18418
34618
18804
34629
23107
34652
24354
34657
25703
34661
28087
34678
28799
34706
31587
34733
32092
34737
36750
34759
37018
34776
37753
34796
38296
34812
39734
34813
45273
34821
46519
34827
47134
34837
47355
34849
51373
34854
52999
34869
53168
34882
53371
34888
54624
34898
54933
34915
57506
34924
21108
34932
24845
35035
25638
35040
52786
35041
32746
35052
45703
35072
10813
35091
33494
35094
37514
35108
43700
35120
25568
35121
33326
35134
36963
35140
53695
35151
4039
35155
4941
35163
33226
35170
40964
35174
56057
35183
57452
35215
29256
35230
8302
35241
16639
35242
1921
35247
12567
35255
14904
35267
17359
35268
41424
35271
44763
35285
48663
35315
55942
35326
56126
35337
57434
35351
59170
35363
4860
35368
13245
35387
26837
35390
38933
35404
41525
35409
366
35446
1717
35457
2686
35466
3191
35493
11137
35503
13640
35509
14765
35536
15428
35542
16515
35566
19488
35597
21969
35611
24208
35640
24985
35648
25333
35681
29754
35685
30751
35694
31993
35706
33881
35710
34512
35719
37067
35720
37993
35726
38556
35764
48133
35775
49154
35788
49303
35800
49606
35860
49695
35872
52266
35885
55278
35919
55929
35929
56765
35937
57331
35941
9709
35954
10969
35966
13276
35968
14925
35979
50579
35984
17319
36002
3660
36009
4014
36022
5706
36082
7255
36088
18704
36089
19156
36090
23561
36107
24504
36109
33811
36152
34360
36159
35271
36167
37874
36170
47149
36182
47313
36194
49018
36202
51040
36215
51580
36227
54004
36231
54360
36241
18464
36250
204
36288
3928
36312
5938
36320
6188
36334
6710
36343
6754
36345
7712
36358
8963
36370
9482
36376
13855
36387
17600
36391
19137
36396
19680
36397
20106
36406
20403
36414
21866
36429
28603
36457
29479
36482
33539
36483
35685
36485
37029
36488
38056
36497
42300
36508
44139
36514
45693
36516
48459
36521
48592
36526
53004
36529
54320
36532
55961
36533
15532
36546
52016
36572
275
36591
23415
36603
43710
36618
58735
36627
24337
36637
44652
36643
17748
36646
33461
36700
29177
36734
31890
36740
42851
36750
12156
36759
2518
36766
21560
36768
24923
36797
29161
36824
51486
36842
54643
36847
55307
36853
79
36867
470
36887
5328
36895
16146
36900
22726
36936
34142
36944
37625
36949
52868
36952
49167
36963
36867
36970
16137
36971
19751
36975
24789
36989
10530
36998
41476
37002
18744
37010
629
37017
8920
37018
24205
37029
24740
37034
25866
37039
32563
37044
37537
37058
54928
37063
57644
37066
13193
37107
37113
37113
2971
37115
7555
37124
11951
37154
15074
37161
16878
37165
22330
37168
23779
37173
28848
37180
31042
37184
36546
37214
38558
37221
38628
37230
39338
37240
41594
37257
43413
37280
48988
37289
51110
37315
53684
37318
32030
37337
52419
37350
3486
37354
7931
37357
24372
37391
39186
37414
9967
37438
27072
37465
28041
37470
49217
37482
57307
37485
31519
37495
1105
37497
1698
37514
2157
37523
9111
37533
14957
37553
15204
37571
16161
37574
20566
37589
24588
37615
29594
37616
30658
37619
33018
37629
40413
37655
40769
37694
46195
37701
52320
37714
53179
37719
53631
37753
56184
37764
56191
37771
56607
37799
56616
37812
56739
37857
57151
37866
57373
37874
14936
37877
24630
37903
26459
37924
30483
37946
36516
37955
41749
37962
1559
37978
2498
37983
32211
37993
35954
38009
38548
38011
52746
38016
2895
38020
12935
38021
21158
38039
22393
38052
32194
38056
52483
38057
29444
38069
172
38073
5492
38077
24485
38081
2800
38106
6121
38120
10112
38131
14351
38142
18780
38149
19236
38158
24848
38171
35929
38173
39427
38182
54252
38188
11584
38191
51281
38202
12998
38203
1821
38210
43180
38230
30567
38245
3521
38253
5478
38275
5736
38276
5774
38279
6110
38296
7125
38301
9929
38322
10758
38335
12339
38337
13842
38349
15906
38375
21167
38407
23207
38411
24509
38432
25359
38448
27928
38451
31201
38452
31374
38466
33783
38501
40032
38507
41578
38543
43606
38548
43624
38553
44384
38556
45089
38558
46669
38568
53780
38582
56673
38596
57206
38610
58420
38622
50447
38628
16411
38636
18715
38639
37002
38642
42214
38647
44556
38672
50798
38684
21824
38710
45121
38713
50
38719
2178
38730
6408
38736
7518
38737
8300
38747
10378
38750
11445
38760
12061
38766
15598
38767
15910
38770
17693
38817
20642
38839
22911
38845
29931
38878
31088
38893
32220
38897
34333
38898
40917
38907
41293
38912
48557
38925
52256
38953
58537
38973
1891
38998
3950
38999
10787
39022
11235
39080
18145
39087
19362
39110
20612
39117
32906
39119
34569
39134
35247
39142
35775
39147
39768
39161
46730
39163
49982
39172
54993
39175
8586
39177
9187
39186
19221
39187
20145
39220
28558
39223
31822
39228
38620
39233
48230
39250
5659
39251
24650
39254
26346
39256
30701
39258
21926
39267
22129
39276
24037
39279
43787
39296
53949
39298
11792
39302
12022
39308
25193
39319
28779
39329
52826
39338
55235
39342
55875
39349
47227
39359
24408
39361
4394
39395
8168
39401
8601
39403
11372
39427
11554
39433
13716
39442
20643
39456
23655
39480
24891
39489
25092
39495
32547
39515
37589
39523
45339
39528
49439
39535
50340
39545
55817
39557
55911
39576
5741
39592
1138
39606
2453
39608
5511
39619
5574
39643
8843
39662
9180
39669
14230
39673
14532
39691
15886
39734
19094
39744
20627
39751
23831
39762
24446
39768
24847
39792
25380
39796
26186
39804
26200
39815
26202
39828
28660
39830
30962
39853
31254
39867
31263
39877
31457
39883
31753
39904
32060
39918
32511
39958
34335
39960
35503
39987
41007
40017
44934
40028
54308
40032
55645
40041
55810
40055
56235
40066
56920
40084
57919
40101
58125
40151
5230
40177
23166
40181
995
40189
1040
40196
3369
40206
10688
40211
12322
40240
12663
40260
16045
40274
16849
40277
16890
40281
16893
40311
17647
40320
18160
40378
21000
40387
21877
40391
22559
40400
25037
40405
26353
40413
27737
40418
33322
40432
33714
40437
34010
40449
34752
40454
35872
40457
36194
40463
36521
40485
42569
40491
43294
40510
44253
40511
46950
40524
48273
40531
49751
40533
49792
40540
54789
40543
25153
40550
46351
40553
224
40558
1847
40559
4704
40565
5484
40620
5565
40640
5814
40664
10439
40677
13165
40680
13247
40701
13677
40714
15919
40727
18950
40730
22881
40757
29645
40761
30771
40769
35177
40772
36533
40776
36618
40797
39830
40840
40277
40842
42362
40847
44252
40854
49711
40864
50916
40871
54568
40881
56343
40890
34283
40903
33252
40908
752
40917
4735
40923
6222
40937
9239
40949
18339
40964
24219
40967
36591
40979
40761
40982
750
40995
5683
41007
9727
41009
13725
41016
14620
41020
18641
41022
26434
41032
29054
41053
32864
41078
37470
41091
37866
41101
42203
41119
46335
41121
50377
41132
54912
41141
56402
41157
57667
41161
57889
41171
4003
41204
14334
41213
40491
41231
40533
41249
48098
41269
13496
41293
27029
41302
12698
41316
27727
41348
58405
41361
46974
41376
54494
41388
4633
41397
6434
41410
7208
41412
10317
41417
17459
41424
17915
41425
18646
41429
18888
41434
19916
41442
24067
41457
24785
41472
25337
41476
33985
41525
37619
41544
38636
41578
39442
41592
39691
41605
39762
41612
41376
41617
45397
41621
48084
41623
48551
41681
51803
41685
52446
41706
53220
41724
56955
41733
57169
41741
57820
41743
46553
41748
47998
41749
30569
41752
19748
41760
31025
41774
48967
41797
27130
41808
29705
41818
37280
41825
37764
41826
49657
41849
55704
41875
57729
41889
5227
41923
19030
41942
40979
41994
58022
42007
17404
42028
32004
42058
9333
42060
11015
42079
16068
42093
20577
42114
35542
42116
36797
42146
40791
42161
46445
42167
52156
42175
22001
42182
857
42188
5530
42203
11368
42214
20541
42227
21316
42236
21649
42255
22151
42266
22570
42276
26193
42300
26598
42305
27405
42324
28526
42327
28656
42333
29634
42342
33230
42350
35326
42362
38407
42376
39557
42380
40797
42382
41677
42396
42079
42404
42667
42424
43238
42467
46521
42474
47722
42478
47891
42479
49111
42487
49915
42511
55500
42520
6030
42538
35936
42545
52861
42549
7005
42551
26959
42555
27850
42569
32103
42582
53165
42585
3609
42594
26801
42602
28815
42603
49050
42608
57795
42609
47498
42612
4779
42615
6649
42647
10739
42664
29986
42667
32735
42681
49223
42683
49414
42690
687
42693
13502
42705
4254
42709
17463
42714
25430
42763
26927
42767
57702
42772
2818
42775
19542
42814
30972
42817
48855
42822
673
42827
1192
42842
14679
42851
16468
42855
20633
42859
31071
42872
31844
42879
36414
42893
41605
42918
43004
42938
46961
42940
47022
42946
52767
42973
54144
42976
59137
42984
5432
42986
16587
43004
16980
43012
46297
43014
47944
43020
55971
43021
35120
43069
11816
43114
26945
43119
18752
43124
7773
43159
14265
43166
28306
43180
28747
43222
37354
43223
49854
43238
51784
43258
53160
43271
13392
43274
15131
43283
30737
43294
41249
43302
43715
43310
904
43321
2400
43347
2644
43349
3132
43370
4225
43395
5241
43398
5381
43400
5571
43416
5819
43438
6285
43442
8281
43452
8552
43466
8673
43493
9007
43507
9194
43508
9629
43536
10020
43538
10152
43544
10278
43549
12273
43556
12276
43557
12409
43560
12617
43563
13378
43572
13545
43587
15164
43590
15695
43592
16742
43597
19150
43601
20340
43605
20668
43606
21029
43610
21848
43624
22090
43627
24249
43633
24892
43670
26663
43676
26760
43682
27987
43696
29455
43700
29570
43710
30490
43715
30691
43751
31723
43774
31759
43781
33235
43787
33309
43792
34425
43793
34854
43828
36022
43831
36468
43855
36572
43863
36637
43865
38039
43895
38507
43909
39853
43924
40449
43927
42344
43935
42474
43938
42855
43951
43416
43973
43866
43990
43973
44028
44086
44029
44191
44037
44619
44039
44820
44040
46215
44056
46277
44062
46454
44065
47117
44086
48770
44090
48953
44125
49007
44138
49313
44139
49638
44151
50867
44156
51537
44158
53655
44195
54968
44205
55058
44208
55372
44225
55799
44253
56069
44255
56324
44263
56342
44271
56971
44284
57049
44304
57095
44316
57326
44317
57462
44327
57535
44347
57618
44376
5607
44384
8099
44404
13626
44416
16034
44445
20259
44467
22543
44471
51148
44479
58766
44490
23894
44491
32028
44492
53239
44494
41741
44502
1260
44521
17616
44535
28410
44543
38020
44559
44185
44563
54499
44575
3371
44588
3924
44602
48326
44619
2747
44620
35102
44636
1533
44640
57016
44652
3733
44659
19301
44672
23179
44751
38568
44752
4581
44760
20197
44763
28472
44770
1262
44775
24628
44777
32858
44786
36975
44787
48498
44815
54242
44820
481
44824
1348
44836
2337
44837
2413
44849
5010
44899
12295
44934
12310
44943
13009
44952
14395
44970
14643
44988
15044
44992
21741
45022
23978
45031
26084
45044
26098
45089
28614
45095
28638
45109
30609
45121
33526
45164
40028
45171
41059
45186
43592
45193
45805
45195
46622
45200
51460
45202
53861
45234
16480
45241
20260
45260
26282
45273
36345
45284
38073
45298
56562
45313
26716
45320
31333
45322
49973
45325
53275
45330
54294
45339
54870
45344
2119
45367
16675
45382
28706
45389
34776
45397
12988
45400
17489
45407
25102
45408
30471
45415
33321
45443
39177
45449
44815
45453
55796
45465
815
45519
2236
45531
4423
45547
8444
45549
10658
45553
21198
45565
22318
45574
24041
45628
24401
45629
26878
45634
30001
45636
30336
45639
30406
45644
31502
45655
33100
45675
34193
45693
39308
45699
39361
45717
43231
45718
43793
45719
44225
45724
46423
45735
48359
45741
51459
45751
51554
45756
53214
45763
53898
45779
20407
45795
41797
45796
51654
45805
43610
45810
36312
45811
975
45830
21504
45832
38766
45838
20507
45842
26145
45845
5322
45846
12035
45851
28236
45856
32405
45859
38335
45880
38893
45894
50920
45905
6449
45939
29430
45972
3181
45992
7507
46009
15141
46013
15784
46033
16543
46035
19010
46049
20766
46085
21328
46092
22222
46095
23523
46100
26026
46101
28169
46112
29987
46115
30032
46121
36370
46125
36483
46147
40536
46161
47597
46163
52585
46186
53107
46189
56807
46191
20427
46195
23157
46201
57313
46215
41302
46228
51749
46243
8321
46265
37343
46277
49563
46278
22229
46279
16703
46283
42763
46293
49750
46297
49857
46320
51981
46335
3695
46351
9270
46369
10017
46385
10388
46387
13899
46405
22589
46412
33047
46423
43601
46428
44543
46429
45556
46443
48299
46445
51400
46454
2304
46456
3183
46471
20961
46497
56688
46507
28376
46509
748
46519
1205
46522
3615
46532
7563
46536
15423
46541
19093
46548
24919
46552
25251
46553
31241
46561
37655
46563
39670
46568
40842
46574
49547
46576
56916
46588
26695
46620
29852
46625
35490
46637
40485
46640
42174
46647
52967
46653
14357
46655
12556
46664
25730
46669
33719
46672
14445
46693
17650
46698
54785
46709
44952
46720
37058
46730
2726
46737
4729
46739
5246
46768
6518
46777
9105
46802
9285
46815
15271
46818
15326
46839
22105
46898
22523
46914
26582
46928
34232
46933
35819
46939
36334
46942
37582
46950
37701
46971
38052
46974
52295
46991
52884
46992
55553
47004
11608
47010
13157
47013
15029
47022
23461
47026
23956
47051
25365
47052
25563
47065
25728
47088
31361
47089
35128
47117
36358
47128
37034
47134
37257
47149
39926
47185
40540
47200
40982
47227
43181
47235
47193
47237
47235
47245
49064
47256
53017
47259
53083
47266
24886
47275
12440
47291
30817
47313
35198
47339
48177
47350
26269
47355
29130
47361
32915
47372
26996
47377
13270
47379
26809
47383
20623
47411
42955
47415
40776
47422
58932
47496
57607
47497
17350
47498
22642
47533
24853
47535
45389
47540
390
47547
657
47548
735
47565
2667
47581
5312
47588
12133
47592
13401
47597
14409
47602
16340
47609
16993
47640
18155
47662
20738
47690
21895
47699
23098
47708
26337
47712
26697
47716
28065
47722
29608
47734
30274
47736
30713
47743
32500
47753
33458
47759
35650
47772
37357
47779
37565
47785
39528
47820
44263
47826
46693
47839
47974
47852
48007
47861
48540
47887
49218
47891
50806
47901
52325
47912
53665
47922
54397
47930
3754
47936
4616
47944
9661
47947
29454
47950
50024
47960
56197
47984
30374
47999
47649
48008
11298
48027
31085
48032
26877
48037
2764
48058
15138
48066
28741
48071
15315
48073
55940
48080
19414
48084
7840
48089
3085
48093
9260
48098
10766
48104
18069
48133
21014
48147
33919
48160
43587
48166
46818
48169
47372
48172
54285
48174
21095
48177
34534
48194
34613
48217
34737
48230
41425
48235
3644
48254
32329
48267
42984
48269
37218
48273
978
48299
1958
48312
2952
48326
3979
48328
4671
48347
8905
48373
9041
48385
13456
48394
26857
48407
34507
48414
34751
48426
35710
48459
37115
48461
39223
48481
41361
48485
41457
48486
42375
48504
49390
48539
50050
48540
51825
48551
51972
48557
54379
48566
54390
48577
54991
48579
55615
48592
58130
48607
15974
48616
6416
48667
10532
48711
12928
48733
33724
48739
26705
48745
562
48746
2483
48750
3136
48757
4102
48770
4362
48783
4738
48786
4833
48797
5763
48809
5768
48824
6433
48830
7677
48855
8178
48861
8316
48880
8455
48883
9018
48890
9023
48914
9238
48940
9886
48949
10207
48967
11339
48980
11479
48985
12625
48988
13988
48996
14571
49007
15075
49048
16053
49050
16401
49060
16478
49064
17242
49111
17432
49125
18792
49139
18879
49146
20165
49154
21393
49160
22042
49167
22612
49171
23969
49175
25208
49186
25214
49187
25219
49193
25714
49206
25938
49217
29497
49223
29922
49266
30326
49269
31262
49287
31308
49303
31332
49312
31579
49313
31709
49318
31950
49325
32006
49341
32009
49347
32096
49355
32241
49387
32292
49396
32376
49414
32443
49415
32498
49439
33237
49451
33966
49467
34138
49483
34601
49484
34636
49517
35697
49527
35764
49529
36240
49535
37168
49536
37799
49542
37903
49547
37939
49553
38141
49554
40101
49563
41724
49564
42609
49576
42938
49599
43125
49606
43696
49638
44836
49649
45574
49657
46130
49667
46565
49689
47291
49695
47734
49711
47759
49744
47772
49751
49290
49773
49667
49823
50062
49830
50660
49854
52213
49857
52893
49894
52902
49898
52917
49908
54162
49915
54324
49918
54625
49936
55499
49937
56897
49960
57013
49967
57187
49973
57228
49982
57316
50014
58286
50024
32156
50027
21253
50031
34678
50040
17300
50042
30048
50068
5061
50108
10472
50112
17416
50115
28324
50117
34276
50140
36887
50142
24601
50156
52000
50158
29488
50161
45719
50167
51402
50174
2926
50181
27864
50184
40424
50186
4165
50193
5852
50195
14690
50206
25925
50217
33731
50232
45549
50243
45675
50249
45880
50264
48267
50272
33299
50274
34657
50326
45561
50335
31403
50336
8038
50340
43452
50357
55268
50364
56339
50370
8916
50377
2456
50398
31215
50422
8730
50447
7895
50454
3429
50471
27140
50489
1182
50514
12905
50517
16629
50527
23896
50559
24155
50565
27672
50579
42058
50588
55560
50602
57913
50623
24584
50640
1517
50650
43855
50662
3276
50717
5929
50743
14694
50744
19989
50751
23365
50760
40772
50762
44606
50788
36700
50798
27473
50806
38188
50823
20380
50842
684
50852
53236
50862
44492
50867
18966
50878
21914
50894
26045
50916
41119
50920
17999
50932
53902
50941
20898
50970
35267
50988
59023
50996
1203
51005
5554
51017
43670
51034
49877
51040
27645
51049
21397
51070
34114
51071
43927
51074
44062
51076
54909
51103
6215
51104
33218
51110
51869
51118
17124
51125
21229
51126
43398
51138
59335
51148
5656
51206
19596
51213
10125
51234
55022
51265
36009
51281
4884
51282
8680
51295
30246
51312
41132
51319
55925
51325
48037
51358
3578
51368
4866
51373
25548
51383
16704
51388
25979
51400
12609
51402
54136
51404
45415
51425
23986
51459
43690
51460
44599
51482
50216
51484
3737
51486
5099
51509
10689
51519
15998
51525
18105
51531
20191
51537
24857
51543
26693
51558
26710
51564
32479
51572
33087
51580
37138
51582
40310
51591
45767
51597
51868
51598
57994
51614
27747
51623
31955
51625
36288
51645
53664
51661
24723
51710
35565
51738
35040
51748
50217
51749
32291
51789
45846
51796
41621
51803
44602
51810
50411
51825
284
51831
3668
51853
9710
51859
19610
51867
41109
51868
45260
51869
2697
51871
13244
51879
46655
51890
10551
51893
46548
51928
47599
51938
19891
51972
39815
51995
3414
52000
9210
52005
41484
52009
46269
52016
21850
52028
37946
52066
13925
52117
21294
52156
33945
52178
20160
52182
4698
52206
45344
52212
31576
52226
42872
52237
8378
52238
5356
52256
11593
52266
12398
52269
17494
52270
28208
52295
31321
52310
32309
52316
40680
52320
46737
52326
24162
52339
49146
52340
10823
52349
17445
52358
28550
52371
12959
52413
28253
52419
47919
52426
1527
52435
7604
52446
16644
52451
18214
52458
36529
52470
37793
52483
40391
52485
42084
52520
43493
52585
47266
52590
48394
52597
53546
52609
56026
52621
56116
52627
59217
52655
58088
52664
17932
52687
51118
52694
29921
52700
33982
52715
38106
52746
47922
52749
483
52767
1801
52786
5213
52788
16030
52791
19669
52812
47708
52826
50501
52832
56249
52860
16444
52861
47497
52868
23957
52884
38322
52902
4709
52905
831
52908
1831
52932
2342
52941
2756
52942
2856
52951
6889
52967
8029
52999
8156
53004
9655
53017
10267
53023
10779
53025
13601
53046
13701
53076
14542
53083
16199
53084
16447
53085
16491
53107
16613
53110
17125
53130
17363
53135
18891
53160
20882
53161
22609
53165
22720
53168
23332
53179
23347
53183
24459
53211
25384
53214
26654
53236
28301
53239
29238
53257
29327
53262
30720
53264
30831
53275
33476
53276
33646
53314
34153
53338
35124
53357
35536
53371
35818
53372
36107
53381
36215
53403
36966
53411
37595
53428
37615
53443
38596
53444
39809
53447
41523
53457
41818
53459
46526
53469
47666
53491
49613
53498
50941
53514
51049
53521
53480
53529
53488
53534
57688
53546
57691
53547
58797
53551
19877
53552
21583
53554
30563
53574
1130
53593
10191
53594
14160
53612
22213
53631
28269
53648
30164
53655
31530
53658
38559
53664
39575
53665
40432
53671
50125
53674
50156
53683
51383
53684
53875
53695
56013
53716
56822
53732
57339
53759
26749
53765
54665
53780
4313
53809
7777
53811
19034
53820
21819
53835
23103
53842
23693
53846
30758
53869
53046
53883
53386
53885
56186
53898
3526
53902
35351
53909
16654
53945
24554
53949
8026
53960
27152
53969
40640
53977
12903
53988
21836
53992
58043
54002
31122
54004
7013
54015
12351
54073
25216
54085
33927
54112
2976
54116
5809
54136
5994
54144
6330
54153
15327
54162
20571
54169
24893
54178
38907
54188
44849
54192
46839
54210
56237
54233
27555
54242
29718
54245
45095
54252
15103
54267
7661
54280
20355
54282
32182
54293
37857
54294
42175
54308
43166
54315
13084
54324
3294
54328
11153
54335
12474
54336
16039
54344
18087
54353
21004
54359
35611
54360
49553
54365
49614
54379
55119
54395
55899
54400
56645
54405
2232
54411
40338
54443
20327
54457
33980
54475
56805
54494
50398
54499
34882
54504
2897
54560
27285
54568
44076
54576
46777
54584
45234
54590
40240
54591
27748
54596
1033
54624
5102
54643
22111
54655
4235
54661
9864
54666
18522
54673
2801
54688
8027
54691
26867
54704
33233
54767
3073
54778
54946
54785
14570
54789
27022
54800
32670
54826
39751
54838
55444
54863
5451
54870
14180
54871
16711
54881
53885
54906
2424
54912
9211
54915
14291
54928
41622
54933
42662
54946
43774
54956
8066
54961
23538
54963
37671
54968
42324
54976
2005
54981
17120
54984
27485
54989
36517
54991
37379
55008
41412
55022
44028
55029
55249
55043
15475
55054
16871
55058
50588
55060
58941
55088
32455
55094
14504
55096
548
55099
8109
55102
9084
55108
14236
55119
17796
55128
44575
55134
54800
55144
21968
55156
48328
55209
57015
55235
8734
55239
22779
55245
22851
55264
1004
55268
26463
55278
43283
55281
17039
55291
43159
55298
5778
55304
54778
55307
10367
55339
18793
55346
20550
55350
23625
55368
23880
55372
35134
55373
56390
55377
36880
55402
2066
55408
26216
55444
33698
55476
34691
55499
38839
55510
40553
55512
10740
55540
15989
55542
33802
55551
39080
55552
51927
55553
51957
55560
51975
55564
18001
55590
31078
55591
4918
55602
8612
55610
18295
55615
20294
55631
20492
55632
23778
55633
24479
55645
25936
55655
26574
55664
29663
55696
31624
55720
39673
55723
45547
55743
50852
55752
46939
55755
19630
55760
6779
55787
129
55792
5052
55796
12801
55799
13972
55804
14700
55807
15942
55810
18839
55817
23679
55825
28611
55827
28879
55842
30329
55866
37370
55870
38953
55875
44138
55878
45756
55889
50357
55899
58447
55901
8170
55911
16794
55914
28623
55920
34295
55940
11953
55942
16684
55948
30542
55955
34149
55960
55245
55966
10478
55971
42626
55981
4439
56012
43400
56013
2088
56016
13838
56022
19176
56033
22485
56053
36462
56057
41933
56065
47377
56069
49634
56093
49808
56098
51893
56103
46917
56109
7342
56116
882
56118
10960
56132
22713
56137
4556
56146
36231
56148
37763
56159
29342
56168
764
56184
55296
56186
8892
56191
8000
56197
50517
56203
54881
56204
15933
56206
19143
56222
32400
56225
52033
56229
52117
56231
44502
56235
55239
56249
55651
56253
607
56256
40543
56261
52326
56273
54514
56281
55298
56287
58968
56291
4701
56312
4992
56324
5253
56331
7118
56342
38187
56343
54104
56355
34357
56376
26769
56390
29667
56402
45193
56408
9799
56410
11495
56417
34549
56420
55173
56461
5526
56472
18356
56476
29748
56492
44489
56513
38898
56524
1202
56541
53928
56543
58661
56548
16903
56559
21528
56571
9080
56575
12991
56578
17026
56607
18881
56616
27342
56628
28537
56650
30593
56673
32259
56681
38246
56688
39883
56695
49203
56702
58714
56720
33910
56739
4342
56762
2380
56765
12255
56766
4047
56780
23293
56790
5523
56798
39296
56799
46200
56803
48750
56805
42664
56807
21681
56809
7897
56822
51172
56830
10234
56832
40713
56838
57102
56846
35725
56889
27662
56899
8886
56902
48277
56903
40314
56909
46112
56910
474
56934
1240
56946
2002
56955
3292
56966
4156
56995
5205
57013
5760
57024
8683
57042
11314
57063
12071
57067
12347
57080
15104
57095
15323
57108
20894
57124
20946
57139
21797
57142
21983
57151
25276
57157
28627
57169
30521
57187
34712
57191
35782
57200
41005
57206
46497
57218
47060
57228
47089
57240
47743
57274
49957
57275
50422
57283
51253
57290
55031
57307
23651
57326
3258
57331
8540
57336
10534
57347
12896
57358
19548
57365
22070
57373
30180
57380
40137
57383
46509
57424
50045
57443
54281
57445
54336
57452
54475
57461
55463
57462
57290
57472
16987
57489
49389
57490
13228
57493
38317
57499
12721
57506
23398
57510
50823
57530
7596
57535
27239
57541
37223
57542
56695
57543
8621
57557
55720
57575
21367
57594
243
57607
7748
57611
25817
57618
30384
57621
40454
57643
45382
57644
48008
57658
56137
57661
9264
57667
7968
57677
9148
57678
11569
57688
15265
57706
18392
57729
23251
57744
26501
57751
33262
57760
33992
57772
49497
57795
51234
57813
26351
57820
9634
57842
20394
57847
29656
57851
33010
57855
40727
57861
46456
57876
46542
57889
47896
57913
47361
57914
48607
57919
11795
57923
56440
57969
21337
57972
16471
57991
55409
57994
36436
58009
4144
58040
22413
58043
38603
58070
44304
58071
48996
58125
6532
58130
14107
58145
17941
58420
45470
58476
7479
58513
6398
58537
21490
58546
39495
58640
49872
58661
26281
58680
37755
58681
38798
58708
48032
58714
50123
58735
8993
58797
56334
58799
46894
58968
35014
59137
2490
59148
35041
59167
39877
59168
28855
59170
53554
59174
2016
59197
6531
59220
32610
59269
525
59274
886
59285
2486
59289
3495
59290
4116
59303
4179
59312
4455
59330
5003
59335
6374

9600

9659

10257

11251

12415

12867

13932

14094

14750

14966

16841

17513

18703

19356

19943

20100

21429

21804

22356

23562

24977

26792

27087

28188

29549

30021

30066

30669

33739

34355

34426

36159

39402

40595

42187

42842

46010

46189

47004

47736

48861

49625

49937

50195

50602

50788

50973

51093

52956

53443

53457

53977

54353

55568

55955

56022

56312

56417

56476

56934

1700

4332

7058

8674

9893

10041

12637

14606

15370

15881

20651

20901

21061

21888

23249

24836

26520

27188

29627

30409

31582

35720

36852

37495

41105

42293

44794

46201

46536

50478

51614

54614

56134

57074

9831

39297

58034

1303

21896

38647

29058

13776

35706

46541

58799

14054

20157

20983

10340

195

37497

1522

6270

34629

48003

53589

56472

44471

6006

13121

30306

41348

49038

54838

51760

5625

8913

13929

59285

18937

7871

46095

19567

27227

30105

32320

51859

31228

33043

2746

867

12613

15218

46739

58278

996

3378

24839

55602

6991

8796

27882

50142

52941

31442

31865

42603

1183

2149

2951

3236

5018

5067

8672

8780

9833

10091

12558

12879

13940

16191

17397

18158

18455

18857

20078

20265

20436

22135

22360

22786

22917

23285

24055

25277

25910

26375

26388

27155

27171

28129

29524

30369

31153

31172

32073

33022

33419

36391

37221

37546

39114

39131

40463

41204

43590

44659

45330

46325

46793

47950

49716

49908

50165

51319

52150

52796

53732

55551

58119

25389

56492

35230

39535

59289

18220

29139

6741

26006

5496

12665

13576

22052

30085

32976

16337

19298

59099

37289

49745

17177

11656

28733

59269

8708

26144

57666

4075

7784

34485

51507

8264

24269

29592

35946

51087

39141

58513

4603

4810

7172

14119

15789

19307

19612

22943

26968

33259

35575

39293

40378

42478

46191

46417

51312

53389

53697

53736

56016

56737

56896

57579

38897

10067

34812

39403

32402

31413

38851

41091

10295

54645

49421

54365

8751

21939

2185

8138

16174

25362

34464

40157

53770

24559

1561

29763

30982

33630

57856

50331

45432

44293

3580

3598

6519

7354

7742

8864

13602

15828

18192

22237

23043

24375

25944

27934

28559

29981

30298

31728

33348

36387

42728

42896

43374

46672

48654

48797

53406

56618

28824

9987

27201

33020

33270

34674

45735

46216

57744

37833

11935

38482

26108

42319

55716

23872

5720

14186

20568

32173

31459

50881

631

44065

31646

39576

46802

37978

35639

51064

7789

10172

11647

26383

26988

27760

31936

37066

42935

43615

44802

54337

54843

56238

56464

56798

57056

102

6792

13464

32667

41657

44837

27018

13685

18330

40878

4604

58708

23910

47339

13610

37334

55644

58476

58794

41345

