14
22
39
45
50
58
79
83
98
102
121
131
135
143
166
169
172
184
204
224
243
262
269
275
284
316
317
339
364
366
378
384
390
449
458
470
481
482
494
510
513
523
544
550
552
562
572
598
601
604
607
610
620
629
638
657
673
684
687
706
711
725
735
748
750
752
754
755
760
763
779
790
811
815
831
842
857
864
899
945
959
977
978
983
995
996
1022
1033
1040
1043
1050
1055
1057
1061
1072
1085
1088
1093
1130
1135
1138
1149
1166
1181
1182
1185
1205
1214
1232
1240
1243
1260
1262
1298
1302
1303
1310
1312
1338
1348
1363
1389
1409
1415
1467
1474
1481
1486
1498
1503
1504
1519
1522
1527
1533
1559
1564
1574
1593
1605
1616
1621
1632
1634
1638
1648
1686
1692
1694
1695
1700
1717
1791
1797
1801
1813
1821
1831
1847
1865
1891
1917
1921
1955
1958
1967
1987
2037
2043
2046
2047
2055
2057
2062
2066
2088
2092
2100
2119
2133
2142
2153
2157
2161
2178
2213
2227
2232
2234
2236
2264
2271
2273
2306
2328
2337
2342
2356
2365
2377
2380
2382
2384
2386
2392
2399
2400
2413
2435
2453
2456
2471
2483
2498
2518
2529
2560
2579
2585
2602
2606
2644
2681
2686
2701
2732
2744
2747
2751
2755
2764
2792
2800
2806
2818
2856
2860
2886
2895
2918
2926
2946
2951
2973
3002
3015
3031
3059
3085
3094
3111
3132
3136
3181
3183
3189
3191
3210
3232
3254
3258
3276
3298
3301
3310
3323
3326
3336
3337
3343
3357
3371
3385
3414
3429
3443
3467
3477
3486
3495
3497
3521
3535
3536
3546
3549
3584
3601
3609
3611
3615
3630
3660
3667
3668
3671
3676
3695
3708
3712
3716
3733
3734
3741
3753
3820
3823
3829
3839
3859
3865
3866
3867
3876
3893
3923
3926
3928
3930
3935
3945
3952
3953
3960
3966
3971
3979
3994
3999
4014
4017
4039
4047
4053
4069
4075
4083
4095
4107
4116
4117
4139
4144
4158
4165
4166
4172
4179
4194
4197
4208
4225
4227
4233
4235
4241
4269
4283
4303
4313
4322
4328
4332
4340
4360
4369
4376
4389
4397
4408
4423
4425
4455
4462
4467
4475
4480
4518
4536
4538
4544
4552
4556
4570
4581
4602
4616
4621
4633
4634
4641
4659
4662
4677
4678
4698
4701
4703
4704
4705
4709
4729
4733
4735
4755
4779
4780
4811
4824
4863
4866
4869
4883
4906
4908
4918
4925
4936
4937
4941
4991
5012
5018
5021
5022
5052
5061
5065
5068
5070
5074
5077
5083
5099
5110
5113
5114
5115
5128
5132
5142
5143
5151
5165
5190
5227
5230
5236
5244
5246
5270
5287
5300
5305
5307
5316
5328
5355
5356
5359
5368
5381
5396
5397
5413
5427
5433
5434
5447
5449
5456
5480
5484
5492
5496
5499
5523
5526
5530
5551
5560
5565
5572
5574
5584
5602
5607
5614
5683
5686
5689
5706
5707
5709
5728
5736
5737
5741
5742
5760
5765
5768
5779
5786
5794
5809
5814
5819
5825
5831
5843
5852
5858
5881
5891
5905
5910
5930
5938
5940
5974
5998
6009
6035
6088
6110
6118
6121
6136
6155
6181
6185
6188
6222
6224
6237
6259
6268
6270
6285
6303
6307
6329
6338
6350
6361
6362
6374
6376
6393
6394
6396
6398
6403
6404
6408
6416
6419
6431
6433
6434
6449
6481
6482
6494
6508
6518
6549
6568
6579
6595
6649
6672
6681
6684
6717
6741
6754
6779
6787
6792
6808
6816
6835
6852
6865
6890
6914
6953
6959
6970
6991
7005
7021
7050
7053
7058
7101
7118
7208
7238
7249
7251
7255
7257
7259
7279
7295
7305
7311
7327
7335
7354
7371
7374
7411
7441
7448
7460
7479
7498
7504
7516
7518
7526
7536
7555
7558
7563
7569
7571
7572
7596
7598
7603
7608
7625
7635
7637
7652
7659
7669
7670
7672
7677
7684
7690
7701
7712
7726
7742
7745
7748
7749
7757
7773
7777
7784
7786
7793
7794
7818
7823
7835
7840
7843
7857
7885
7895
7897
7931
7951
7953
7973
7979
7987
8003
8004
8026
8027
8029
8038
8059
8079
8099
8109
8114
8118
8138
8168
8170
8180
8199
8236
8264
8280
8281
8298
8300
8302
8321
8341
8342
8356
8363
8378
8398
8406
8434
8444
8455
8458
8469
8494
8502
8511
8533
8537
8552
8574
8586
8601
8611
8612
8622
8636
8639
8663
8673
8674
8680
8683
8698
8706
8709
8721
8728
8730
8734
8736
8761
8770
8776
8826
8839
8843
8858
8861
8867
8879
8892
8913
8920
8934
8960
8963
8993
9009
9011
9013
9023
9028
9049
9055
9069
9072
9084
9093
9105
9111
9113
9136
9141
9150
9180
9187
9188
9193
9194
9206
9210
9211
9215
9227
9231
9254
9260
9264
9270
9285
9289
9303
9318
9329
9342
9366
9367
9378
9393
9444
9453
9458
9500
9511
9537
9548
9561
9564
9570
9600
9629
9634
9641
9655
9661
9662
9677
9693
9695
9704
9709
9710
9727
9755
9772
9799
9814
9821
9831
9833
9853
9857
9864
9871
9873
9886
9893
9901
9924
9929
9967
9974
9978
9997
10009
10016
10017
10020
10021
10054
10067
10091
10096
10112
10125
10152
10172
10191
10205
10231
10243
10256
10267
10278
10285
10287
10309
10340
10367
10378
10385
10388
10389
10421
10439
10452
10472
10473
10525
10530
10532
10551
10560
10573
10575
10604
10610
10617
10628
10652
10658
10665
10672
10686
10688
10695
10710
10739
10740
10747
10751
10754
10758
10787
10788
10797
10813
10823
10852
10857
10859
10872
10877
10889
10899
10916
10927
10932
10950
10955
10960
10965
10969
10972
10980
10992
11034
11039
11062
11083
11097
11099
11137
11153
11190
11221
11235
11248
11251
11256
11273
11284
11298
11312
11314
11346
11348
11351
11372
11382
11387
11392
11406
11419
11428
11434
11447
11454
11479
11488
11517
11522
11537
11548
11554
11564
11569
11570
11571
11575
11584
11593
11598
11608
11645
11666
11675
11679
11699
11700
11722
11766
11771
11794
11795
11796
11812
11816
11869
11872
11884
11905
11916
11918
11925
11929
11935
11946
11951
11965
11966
11969
11979
11984
11987
11991
12000
12018
12019
12022
12023
12025
12033
12035
12060
12096
12118
12133
12143
12152
12163
12171
12188
12189
12193
12229
12236
12255
12258
12261
12265
12273
12275
12276
12278
12291
12295
12297
12302
12310
12322
12330
12339
12340
12342
12347
12348
12351
12366
12367
12376
12377
12409
12414
12420
12440
12442
12454
12456
12472
12474
12485
12491
12504
12510
12535
12545
12556
12567
12586
12590
12602
12609
12621
12625
12631
12650
12663
12665
12677
12699
12721
12765
12766
12771
12796
12848
12858
12867
12879
12890
12896
12905
12928
12935
12945
12949
12966
12972
12988
12991
13007
13010
13018
13024
13027
13034
13042
13090
13109
13132
13136
13147
13157
13165
13193
13228
13245
13247
13270
13279
13328
13351
13378
13391
13401
13423
13430
13451
13456
13463
13464
13470
13489
13496
13497
13501
13502
13513
13525
13545
13576
13584
13601
13602
13605
13606
13610
13612
13640
13647
13657
13677
13685
13707
13716
13725
13764
13776
13790
13792
13826
13838
13842
13852
13855
13874
13899
13904
13905
13922
13936
13956
13963
13972
13999
14002
14003
14031
14054
14059
14071
14075
14089
14094
14098
14107
14115
14122
14126
14127
14144
14166
14173
14174
14175
14184
14210
14220
14223
14228
14230
14236
14241
14244
14246
14250
14252
14265
14266
14291
14307
14312
14313
14325
14334
14345
14348
14351
14357
14379
14384
14395
14396
14404
14408
14445
14446
14482
14486
14495
14504
14505
14532
14542
14569
14570
14603
14620
14643
14659
14665
14679
14690
14693
14700
14712
14733
14745
14750
14765
14787
14790
14795
14825
14836
14859
14869
14892
14896
14903
14904
14922
14924
14925
14929
14934
14936
14948
14957
14977
15000
15004
15007
15026
15040
15044
15054
15064
15068
15074
15079
15113
15131
15132
15138
15159
15160
15164
15184
15193
15204
15216
15223
15225
15241
15264
15265
15300
15311
15324
15326
15327
15340
15357
15377
15410
15411
15422
15428
15448
15456
15475
15510
15532
15533
15536
15551
15565
15579
15588
15593
15594
15598
15609
15618
15625
15628
15648
15659
15711
15744
15776
15784
15789
15815
15826
15827
15852
15855
15878
15881
15884
15886
15890
15906
15919
15924
15933
15942
15998
16000
16030
16034
16039
16041
16045
16053
16068
16078
16096
16103
16125
16137
16145
16146
16161
16164
16174
16186
16221
16237
16271
16272
16288
16292
16337
16351
16354
16390
16397
16401
16406
16423
16427
16430
16432
16444
16458
16459
16465
16468
16480
16489
16491
16507
16515
16521
16527
16536
16543
16587
16588
16596
16622
16625
16639
16648
16653
16660
16664
16673
16675
16684
16695
16703
16704
16711
16715
16741
16742
16759
16779
16794
16801
16826
16849
16871
16890
16893
16900
16911
16928
16961
16971
16980
16987
16991
16992
16995
17005
17039
17056
17081
17124
17146
17177
17179
17210
17217
17225
17242
17251
17256
17268
17274
17279
17300
17309
17319
17347
17351
17352
17353
17358
17359
17397
17404
17428
17432
17445
17459
17463
17473
17476
17479
17488
17489
17494
17523
17529
17541
17546
17552
17562
17567
17570
17573
17576
17585
17589
17600
17607
17616
17623
17647
17650
17651
17664
17683
17693
17703
17743
17748
17765
17766
17770
17791
17837
17847
17860
17878
17892
17895
17904
17905
17912
17915
17927
17941
17955
17977
17999
18004
18011
18065
18069
18086
18109
18113
18124
18131
18132
18145
18158
18210
18214
18220
18238
18244
18246
18260
18287
18312
18327
18339
18342
18346
18356
18362
18372
18392
18393
18399
18418
18448
18452
18456
18461
18464
18480
18504
18522
18530
18541
18546
18559
18574
18584
18622
18632
18641
18646
18648
18653
18657
18662
18664
18671
18672
18674
18678
18682
18697
18699
18704
18715
18719
18734
18735
18744
18756
18769
18780
18793
18804
18811
18827
18857
18862
18866
18879
18880
18888
18891
18894
18902
18917
18928
18933
18937
18950
18951
18957
18979
18987
19004
19006
19014
19019
19026
19030
19033
19056
19061
19071
19093
19094
19096
19113
19120
19132
19133
19137
19143
19146
19150
19151
19156
19172
19193
19200
19221
19222
19228
19234
19247
19301
19307
19333
19354
19356
19361
19365
19376
19388
19400
19426
19458
19483
19488
19489
19493
19496
19506
19515
19526
19528
19531
19548
19551
19567
19605
19620
19630
19644
19680
19684
19691
19716
19748
19751
19764
19794
19810
19831
19837
19841
19855
19863
19877
19883
19892
19916
19919
19927
19967
19969
19989
20003
20018
20028
20044
20046
20055
20058
20074
20080
20094
20096
20097
20106
20139
20145
20148
20160
20163
20165
20190
20191
20197
20212
20250
20259
20260
20266
20295
20307
20327
20340
20347
20355
20360
20371
20380
20386
20394
20400
20401
20403
20405
20407
20410
20427
20446
20473
20475
20478
20487
20492
20495
20507
20533
20541
20547
20554
20559
20566
20570
20571
20582
20623
20626
20627
20633
20642
20643
20650
20651
20662
20700
20712
20723
20738
20778
20791
20811
20825
20861
20879
20881
20882
20887
20895
20898
20946
20950
20951
20961
20973
20979
20988
20996
21000
21011
21014
21021
21046
21053
21057
21061
21078
21085
21108
21138
21158
21160
21167
21169
21230
21238
21255
21263
21283
21294
21297
21300
21316
21328
21337
21344
21360
21367
21391
21396
21397
21405
21458
21490
21491
21502
21503
21504
21519
21520
21528
21533
21560
21575
21580
21583
21591
21641
21648
21649
21650
21659
21669
21697
21718
21727
21737
21740
21741
21746
21777
21788
21804
21805
21819
21824
21836
21837
21848
21850
21861
21866
21877
21883
21888
21896
21913
21914
21926
21929
21931
21944
21945
21968
21969
21975
22001
22023
22028
22047
22052
22070
22081
22087
22090
22105
22109
22129
22136
22151
22152
22220
22222
22243
22250
22261
22270
22272
22276
22278
22284
22298
22301
22306
22318
22322
22330
22338
22345
22349
22375
22383
22393
22407
22413
22417
22448
22465
22485
22486
22500
22514
22570
22581
22589
22609
22612
22621
22633
22643
22644
22650
22722
22726
22736
22744
22756
22786
22796
22838
22851
22881
22900
22911
22915
22917
22926
22938
22969
22980
22995
23005
23038
23041
23043
23047
23064
23084
23107
23134
23164
23166
23179
23206
23207
23228
23251
23275
23282
23291
23293
23302
23332
23357
23365
23373
23378
23386
23398
23415
23425
23430
23464
23474
23523
23533
23538
23546
23625
23645
23651
23655
23679
23693
23709
23762
23778
23779
23819
23831
23853
23878
23880
23883
23893
23894
23896
23898
23927
23956
23957
23982
23986
23995
24002
24028
24033
24040
24054
24055
24063
24067
24155
24174
24208
24219
24234
24237
24239
24247
24249
24258
24274
24275
24287
24301
24325
24326
24337
24368
24372
24389
24393
24401
24408
24412
24420
24429
24441
24443
24446
24455
24459
24462
24472
24478
24479
24485
24495
24497
24504
24509
24537
24548
24551
24554
24555
24588
24590
24592
24601
24604
24615
24617
24628
24630
24641
24650
24678
24696
24703
24723
24727
24773
24785
24789
24796
24820
24836
24839
24845
24847
24848
24853
24857
24886
24891
24892
24899
24908
24923
24924
24948
24963
24973
24980
24985
24992
25008
25009
25017
25018
25037
25046
25057
25108
25150
25153
25171
25193
25199
25203
25204
25208
25211
25216
25219
25251
25258
25277
25288
25318
25333
25349
25359
25362
25365
25367
25380
25402
25405
25409
25430
25431
25432
25454
25477
25479
25502
25505
25507
25525
25527
25544
25563
25566
25568
25572
25582
25586
25597
25625
25638
25655
25685
25703
25712
25728
25730
25737
25766
25772
25773
25814
25821
25824
25861
25866
25884
25890
25894
25895
25910
25925
25938
25972
26006
26017
26026
26027
26035
26045
26057
26068
26098
26105
26119
26130
26135
26141
26144
26145
26165
26180
26182
26186
26193
26200
26202
26227
26231
26234
26235
26257
26270
26275
26281
26282
26288
26291
26296
26306
26337
26351
26353
26361
26375
26414
26424
26434
26444
26459
26463
26475
26483
26497
26501
26544
26552
26574
26576
26579
26633
26654
26663
26667
26692
26693
26697
26702
26705
26716
26730
26743
26749
26760
26767
26768
26769
26793
26801
26806
26809
26820
26834
26843
26859
26877
26878
26882
26890
26917
26927
26940
26946
26950
26956
26968
26972
26973
26974
26988
26996
27002
27029
27035
27041
27044
27052
27053
27072
27087
27098
27101
27109
27127
27130
27140
27149
27150
27152
27185
27188
27199
27209
27225
27239
27254
27285
27292
27306
27316
27328
27342
27383
27401
27405
27444
27450
27452
27485
27513
27538
27542
27555
27589
27594
27595
27645
27670
27672
27679
27703
27727
27735
27736
27737
27745
27747
27758
27763
27771
27787
27791
27808
27819
27830
27841
27846
27850
27867
27882
27898
27916
27928
27934
27940
27954
27984
27987
28015
28041
28087
28109
28121
28123
28132
28142
28169
28170
28193
28195
28202
28217
28221
28226
28233
28241
28247
28253
28263
28264
28269
28274
28280
28286
28306
28307
28364
28376
28408
28410
28434
28472
28474
28488
28521
28526
28538
28542
28552
28558
28570
28606
28614
28618
28629
28638
28652
28656
28660
28676
28701
28706
28710
28711
28741
28747
28772
28774
28779
28788
28799
28808
28815
28832
28836
28848
28864
28886
28903
28913
28915
28954
28964
29010
29017
29018
29054
29058
29059
29108
29125
29130
29139
29161
29177
29202
29208
29214
29220
29221
29239
29248
29254
29256
29257
29272
29286
29297
29423
29430
29444
29454
29455
29458
29479
29488
29497
29524
29551
29557
29562
29570
29579
29584
29588
29593
29594
29632
29634
29645
29646
29663
29667
29675
29689
29696
29698
29725
29745
29751
29754
29774
29798
29812
29820
29852
29864
29867
29899
29905
29921
29931
29938
29958
29974
29986
29998
30001
30008
30017
30029
30030
30032
30048
30067
30072
30080
30085
30100
30139
30146
30151
30164
30171
30187
30230
30232
30235
30239
30246
30264
30268
30274
30302
30306
30323
30326
30329
30336
30337
30342
30353
30366
30369
30374
30384
30406
30419
30428
30431
30448
30489
30497
30519
30525
30542
30563
30564
30566
30567
30569
30579
30582
30596
30611
30658
30669
30683
30685
30691
30694
30698
30701
30708
30720
30721
30737
30741
30745
30748
30751
30764
30765
30770
30771
30797
30817
30821
30825
30840
30842
30869
30870
30878
30879
30885
30906
30909
30962
30966
30972
31001
31025
31026
31029
31034
31042
31050
31078
31085
31088
31104
31105
31107
31114
31122
31165
31179
31192
31219
31228
31237
31241
31253
31263
31280
31294
31296
31321
31326
31331
31333
31341
31343
31354
31361
31362
31374
31380
31381
31403
31413
31425
31435
31442
31457
31483
31485
31492
31496
31502
31505
31519
31530
31534
31557
31573
31574
31576
31582
31587
31588
31590
31597
31608
31642
31645
31670
31672
31677
31699
31702
31703
31704
31709
31723
31728
31730
31751
31753
31757
31759
31782
31787
31800
31822
31826
31844
31853
31859
31865
31878
31890
31920
31921
31936
31940
31941
31950
31955
31962
31972
31979
31981
31993
32004
32018
32019
32028
32030
32034
32039
32051
32060
32063
32073
32092
32096
32103
32106
32111
32117
32150
32151
32156
32170
32173
32176
32182
32184
32194
32197
32211
32220
32223
32227
32241
32259
32273
32281
32291
32292
32309
32329
32396
32400
32401
32402
32439
32442
32443
32480
32487
32500
32511
32514
32528
32563
32580
32592
32609
32610
32621
32635
32647
32653
32656
32660
32669
32680
32689
32694
32700
32709
32714
32732
32746
32749
32755
32758
32763
32765
32795
32848
32852
32858
32864
32868
32904
32906
32954
32978
32984
33009
33018
33021
33030
33047
33057
33087
33091
33100
33107
33144
33146
33159
33160
33218
33221
33226
33230
33233
33235
33237
33241
33248
33252
33262
33270
33275
33284
33285
33291
33309
33321
33322
33325
33326
33334
33337
33344
33348
33356
33446
33461
33480
33494
33508
33526
33530
33539
33547
33556
33570
33592
33606
33620
33625
33644
33674
33680
33688
33691
33698
33714
33719
33724
33726
33731
33736
33739
33778
33783
33795
33811
33846
33858
33866
33881
33888
33889
33897
33910
33919
33945
33958
33980
33982
33985
34007
34010
34020
34021
34023
34035
34039
34042
34070
34081
34082
34087
34099
34106
34111
34114
34142
34155
34162
34165
34193
34207
34232
34271
34276
34283
34286
34293
34295
34318
34320
34333
34335
34355
34356
34360
34375
34426
34472
34486
34498
34507
34512
34519
34549
34569
34599
34612
34617
34618
34629
34652
34657
34661
34678
34706
34733
34737
34759
34776
34796
34812
34813
34821
34827
34837
34849
34854
34869
34882
34888
34898
34915
34924
34932
35035
35040
35041
35052
35072
35091
35094
35108
35120
35121
35134
35140
35151
35155
35163
35170
35174
35183
35215
35230
35241
35242
35247
35255
35267
35268
35271
35285
35315
35326
35337
35351
35363
35368
35387
35390
35404
35409
35446
35457
35466
35493
35503
35509
35536
35542
35566
35597
35611
35640
35648
35681
35685
35694
35706
35710
35719
35720
35726
35764
35775
35788
35800
35860
35872
35885
35919
35929
35937
35941
35954
35966
35968
35979
35984
36002
36009
36022
36082
36088
36089
36090
36107
36109
36152
36159
36167
36170
36182
36194
36202
36215
36227
36231
36241
36250
36288
36312
36320
36334
36343
36345
36358
36370
36376
36387
36391
36396
36397
36406
36414
36429
36457
36482
36483
36485
36488
36497
36508
36514
36516
36521
36526
36529
36532
36533
36546
36572
36591
36603
36618
36627
36637
36643
36646
36700
36734
36740
36750
36759
36766
36768
36797
36824
36842
36847
36853
36867
36887
36895
36900
36936
36944
36949
36952
36963
36970
36971
36975
36989
36998
37002
37010
37017
37018
37029
37034
37039
37044
37058
37063
37066
37107
37113
37115
37124
37154
37161
37165
37168
37173
37180
37184
37214
37221
37230
37240
37257
37280
37289
37315
37318
37337
37350
37354
37357
37391
37414
37438
37465
37470
37482
37485
37495
37497
37514
37523
37533
37553
37571
37574
37589
37615
37616
37619
37629
37655
37694
37701
37714
37719
37753
37764
37771
37799
37812
37857
37866
37874
37877
37903
37924
37946
37955
37962
37978
37983
37993
38009
38011
38016
38020
38021
38039
38052
38056
38057
38069
38073
38077
38081
38106
38120
38131
38142
38149
38158
38171
38173
38182
38188
38191
38202
38203
38210
38230
38245
38253
38275
38276
38279
38296
38301
38322
38335
38337
38349
38375
38407
38411
38432
38448
38451
38452
38466
38501
38507
38543
38548
38553
38556
38558
38568
38582
38596
38610
38622
38628
38636
38639
38642
38647
38672
38684
38710
38713
38719
38730
38736
38737
38747
38750
38760
38766
38767
38770
38817
38839
38845
38878
38893
38897
38898
38907
38912
38925
38953
38973
38998
38999
39022
39080
39087
39110
39117
39119
39134
39142
39147
39161
39163
39172
39175
39177
39186
39187
39220
39223
39228
39233
39250
39251
39254
39256
39258
39267
39276
39279
39296
39298
39302
39308
39319
39329
39338
39342
39349
39359
39361
39395
39401
39403
39427
39433
39442
39456
39480
39489
39495
39515
39523
39528
39535
39545
39557
39576
39592
39606
39608
39619
39643
39662
39669
39673
39691
39734
39744
39751
39762
39768
39792
39796
39804
39815
39828
39830
39853
39867
39877
39883
39904
39918
39958
39960
39987
40017
40028
40032
40041
40055
40066
40084
40101
40151
40177
40181
40189
40196
40206
40211
40240
40260
40274
40277
40281
40311
40320
40378
40387
40391
40400
40405
40413
40418
40432
40437
40449
40454
40457
40463
40485
40491
40510
40511
40524
40531
40533
40540
40543
40550
40553
40558
40559
40565
40620
40640
40664
40677
40680
40701
40714
40727
40730
40757
40761
40769
40772
40776
40797
40840
40842
40847
40854
40864
40871
40881
40890
40903
40908
40917
40923
40937
40949
40964
40967
40979
40982
40995
41007
41009
41016
41020
41022
41032
41053
41078
41091
41101
41119
41121
41132
41141
41157
41161
41171
41204
41213
41231
41249
41269
41293
41302
41316
41348
41361
41376
41388
41397
41410
41412
41417
41424
41425
41429
41434
41442
41457
41472
41476
41525
41544
41578
41592
41605
41612
41617
41621
41623
41681
41685
41706
41724
41733
41741
41743
41748
41749
41752
41760
41774
41797
41808
41818
41825
41826
41849
41875
41889
41923
41942
41994
42007
42028
42058
42060
42079
42093
42114
42116
42146
42161
42167
42175
42182
42188
42203
42214
42227
42236
42255
42266
42276
42300
42305
42324
42327
42333
42342
42350
42362
42376
42380
42382
42396
42404
42424
42467
42474
42478
42479
42487
42511
42520
42538
42545
42549
42551
42555
42569
42582
42585
42594
42602
42603
42608
42609
42612
42615
42647
42664
42667
42681
42683
42690
42693
42705
42709
42714
42763
42767
42772
42775
42814
42817
42822
42827
42842
42851
42855
42859
42872
42879
42893
42918
42938
42940
42946
42973
42976
42984
42986
43004
43012
43014
43020
43021
43069
43114
43119
43124
43159
43166
43180
43222
43223
43238
43258
43271
43274
43283
43294
43302
43310
43321
43347
43349
43370
43395
43398
43400
43416
43438
43442
43452
43466
43493
43507
43508
43536
43538
43544
43549
43556
43557
43560
43563
43572
43587
43590
43592
43597
43601
43605
43606
43610
43624
43627
43633
43670
43676
43682
43696
43700
43710
43715
43751
43774
43781
43787
43792
43793
43828
43831
43855
43863
43865
43895
43909
43924
43927
43935
43938
43951
43973
43990
44028
44029
44037
44039
44040
44056
44062
44065
44086
44090
44125
44138
44139
44151
44156
44158
44195
44205
44208
44225
44253
44255
44263
44271
44284
44304
44316
44317
44327
44347
44376
44384
44404
44416
44445
44467
44471
44479
44490
44491
44492
44494
44502
44521
44535
44543
44559
44563
44575
44588
44602
44619
44620
44636
44640
44652
44659
44672
44751
44752
44760
44763
44770
44775
44777
44786
44787
44815
44820
44824
44836
44837
44849
44899
44934
44943
44952
44970
44988
44992
45022
45031
45044
45089
45095
45109
45121
45164
45171
45186
45193
45195
45200
45202
45234
45241
45260
45273
45284
45298
45313
45320
45322
45325
45330
45339
45344
45367
45382
45389
45397
45400
45407
45408
45415
45443
45449
45453
45465
45519
45531
45547
45549
45553
45565
45574
45628
45629
45634
45636
45639
45644
45655
45675
45693
45699
45717
45718
45719
45724
45735
45741
45751
45756
45763
45779
45795
45796
45805
45810
45811
45830
45832
45838
45842
45845
45846
45851
45856
45859
45880
45894
45905
45939
45972
45992
46009
46013
46033
46035
46049
46085
46092
46095
46100
46101
46112
46115
46121
46125
46147
46161
46163
46186
46189
46191
46195
46201
46215
46228
46243
46265
46277
46278
46279
46283
46293
46297
46320
46335
46351
46369
46385
46387
46405
46412
46423
46428
46429
46443
46445
46454
46456
46471
46497
46507
46509
46519
46522
46532
46536
46541
46548
46552
46553
46561
46563
46568
46574
46576
46588
46620
46625
46637
46640
46647
46653
46655
46664
46669
46672
46693
46698
46709
46720
46730
46737
46739
46768
46777
46802
46815
46818
46839
46898
46914
46928
46933
46939
46942
46950
46971
46974
46991
46992
47004
47010
47013
47022
47026
47051
47052
47065
47088
47089
47117
47128
47134
47149
47185
47200
47227
47235
47237
47245
47256
47259
47266
47275
47291
47313
47339
47350
47355
47361
47372
47377
47379
47383
47411
47415
47422
47496
47497
47498
47533
47535
47540
47547
47548
47565
47581
47588
47592
47597
47602
47609
47640
47662
47690
47699
47708
47712
47716
47722
47734
47736
47743
47753
47759
47772
47779
47785
47820
47826
47839
47852
47861
47887
47891
47901
47912
47922
47930
47936
47944
47947
47950
47960
47984
47999
48008
48027
48032
48037
48058
48066
48071
48073
48080
48084
48089
48093
48098
48104
48133
48147
48160
48166
48169
48172
48174
48177
48194
48217
48230
48235
48254
48267
48269
48273
48299
48312
48326
48328
48347
48373
48385
48394
48407
48414
48426
48459
48461
48481
48485
48486
48504
48539
48540
48551
48557
48566
48577
48579
48592
48607
48616
48667
48711
48733
48739
48745
48746
48750
48757
48770
48783
48786
48797
48809
48824
48830
48855
48861
48880
48883
48890
48914
48940
48949
48967
48980
48985
48988
48996
49007
49048
49050
49060
49064
49111
49125
49139
49146
49154
49160
49167
49171
49175
49186
49187
49193
49206
49217
49223
49266
49269
49287
49303
49312
49313
49318
49325
49341
49347
49355
49387
49396
49414
49415
49439
49451
49467
49483
49484
49517
49527
49529
49535
49536
49542
49547
49553
49554
49563
49564
49576
49599
49606
49638
49649
49657
49667
49689
49695
49711
49744
49751
49773
49823
49830
49854
49857
49894
49898
49908
49915
49918
49936
49937
49960
49967
49973
49982
50014
50024
50027
50031
50040
50042
50068
50108
50112
50115
50117
50140
50142
50156
50158
50161
50167
50174
50181
50184
50186
50193
50195
50206
50217
50232
50243
50249
50264
50272
50274
50326
50335
50336
50340
50357
50364
50370
50377
50398
50422
50447
50454
50471
50489
50514
50517
50527
50559
50565
50579
50588
50602
50623
50640
50650
50662
50717
50743
50744
50751
50760
50762
50788
50798
50806
50823
50842
50852
50862
50867
50878
50894
50916
50920
50932
50941
50970
50988
50996
51005
51017
51034
51040
51049
51070
51071
51074
51076
51103
51104
51110
51118
51125
51126
51138
51148
51206
51213
51234
51265
51281
51282
51295
51312
51319
51325
51358
51368
51373
51383
51388
51400
51402
51404
51425
51459
51460
51482
51484
51486
51509
51519
51525
51531
51537
51543
51558
51564
51572
51580
51582
51591
51597
51598
51614
51623
51625
51645
51661
51710
51738
51748
51749
51789
51796
51803
51810
51825
51831
51853
51859
51867
51868
51869
51871
51879
51890
51893
51928
51938
51972
51995
52000
52005
52009
52016
52028
52066
52117
52156
52178
52182
52206
52212
52226
52237
52238
52256
52266
52269
52270
52295
52310
52316
52320
52326
52339
52340
52349
52358
52371
52413
52419
52426
52435
52446
52451
52458
52470
52483
52485
52520
52585
52590
52597
52609
52621
52627
52655
52664
52687
52694
52700
52715
52746
52749
52767
52786
52788
52791
52812
52826
52832
52860
52861
52868
52884
52902
52905
52908
52932
52941
52942
52951
52967
52999
53004
53017
53023
53025
53046
53076
53083
53084
53085
53107
53110
53130
53135
53160
53161
53165
53168
53179
53183
53211
53214
53236
53239
53257
53262
53264
53275
53276
53314
53338
53357
53371
53372
53381
53403
53411
53428
53443
53444
53447
53457
53459
53469
53491
53498
53514
53521
53529
53534
53546
53547
53551
53552
53554
53574
53593
53594
53612
53631
53648
53655
53658
53664
53665
53671
53674
53683
53684
53695
53716
53732
53759
53765
53780
53809
53811
53820
53835
53842
53846
53869
53883
53885
53898
53902
53909
53945
53949
53960
53969
53977
53988
53992
54002
54004
54015
54073
54085
54112
54116
54136
54144
54153
54162
54169
54178
54188
54192
54210
54233
54242
54245
54252
54267
54280
54282
54293
54294
54308
54315
54324
54328
54335
54336
54344
54353
54359
54360
54365
54379
54395
54400
54405
54411
54443
54457
54475
54494
54499
54504
54560
54568
54576
54584
54590
54591
54596
54624
54643
54655
54661
54666
54673
54688
54691
54704
54767
54778
54785
54789
54800
54826
54838
54863
54870
54871
54881
54906
54912
54915
54928
54933
54946
54956
54961
54963
54968
54976
54981
54984
54989
54991
55008
55022
55029
55043
55054
55058
55060
55088
55094
55096
55099
55102
55108
55119
55128
55134
55144
55156
55209
55235
55239
55245
55264
55268
55278
55281
55291
55298
55304
55307
55339
55346
55350
55368
55372
55373
55377
55402
55408
55444
55476
55499
55510
55512
55540
55542
55551
55552
55553
55560
55564
55590
55591
55602
55610
55615
55631
55632
55633
55645
55655
55664
55696
55720
55723
55743
55752
55755
55760
55787
55792
55796
55799
55804
55807
55810
55817
55825
55827
55842
55866
55870
55875
55878
55889
55899
55901
55911
55914
55920
55940
55942
55948
55955
55960
55966
55971
55981
56012
56013
56016
56022
56033
56053
56057
56065
56069
56093
56098
56103
56109
56116
56118
56132
56137
56146
56148
56159
56168
56184
56186
56191
56197
56203
56204
56206
56222
56225
56229
56231
56235
56249
56253
56256
56261
56273
56281
56287
56291
56312
56324
56331
56342
56343
56355
56376
56390
56402
56408
56410
56417
56420
56461
56472
56476
56492
56513
56524
56541
56543
56548
56559
56571
56575
56578
56607
56616
56628
56650
56673
56681
56688
56695
56702
56720
56739
56762
56765
56766
56780
56790
56798
56799
56803
56805
56807
56809
56822
56830
56832
56838
56846
56889
56899
56902
56903
56909
56910
56934
56946
56955
56966
56995
57013
57024
57042
57063
57067
57080
57095
57108
57124
57139
57142
57151
57157
57169
57187
57191
57200
57206
57218
57228
57240
57274
57275
57283
57290
57307
57326
57331
57336
57347
57358
57365
57373
57380
57383
57424
57443
57445
57452
57461
57462
57472
57489
57490
57493
57499
57506
57510
57530
57535
57541
57542
57543
57557
57575
57594
57607
57611
57618
57621
57643
57644
57658
57661
57667
57677
57678
57688
57706
57729
57744
57751
57760
57772
57795
57813
57820
57842
57847
57851
57855
57861
57876
57889
57913
57914
57919
57923
57969
57972
57991
57994
58009
58040
58043
58070
58071
58125
58130
58145
58420
58476
58513
58537
58546
58640
58661
58680
58681
58708
58714
58735
58797
58799
58968
59137
59148
59167
59168
59170
59174
59197
59220
59269
59274
59285
59289
59290
59303
59312
59330
59335
