754
755
2471
2585
2602
3031
3189
3210
3232
3443
3630
4194
4197
4570
4780
4824
4869
5689
6118
6393
6404
7635
8406
8458
8574
9378
10285
10859
12765
13470
14712
14790
14977
15618
15776
15826
16078
17056
17358
17476
17927
19200
19365
19493
19496
19551
20046
20825
21650
21697
23302
24237
24963
26141
27127
27316
28247
28474
29108
29510
31029
31050
31179
31354
31557
32689
32868
33556
34106
34320
35285
35409
36109
36998
37694
37812
37983
38009
38466
38553
38770
39250
40757
40840
40871
41161
42007
42822
42893
43508
43597
43633
44195
46265
46574
46625
47861
47960
48254
48745
48746
49341
49689
49898
51126
52358
52590
53547
53716
54178
54192
54335
54591
55144
55281
55476
55664
56229
56513
56543
57530
59274
59330
48058
449
1050
1149
1363
1498
1648
2392
2732
2860
3945
4538
5083
5270
5287
6088
6549
7411
7701
8079
8280
9136
9677
9693
10096
11221
11570
12189
12193
12278
12367
12377
12510
12590
12602
12966
13018
13042
13489
13605
14384
14836
14922
15159
16695
16995
17210
17546
17912
19019
20861
21238
21344
22278
22500
23373
24040
24325
24455
25017
25409
25972
26475
26882
27199
27841
29646
30566
30683
31165
31280
31381
31670
31826
32954
33009
33592
33625
34207
34271
34519
34618
34759
34796
36002
36152
36842
37955
38182
38230
38750
39228
39480
40531
40558
40903
41397
42859
42973
45443
46709
46928
48071
48504
48890
50158
50762
51034
51388
51598
53447
53759
54767
54963
55008
55099
55156
55512
55696
55743
55901
56331
56355
56681
56780
56966
57063
57275
57443
57489
57499
57510
57643
57914
59197
59312
5825
16928
19113
21944
22756
28241
34318
41020
42404
166
184
610
2946
2973
3829
4659
5065
5128
5728
5905
6350
6890
7672
7973
7979
8663
10231
10287
10751
10972
11382
11984
15113
15410
15565
16271
17005
17351
17479
18530
18979
19684
20097
21519
22722
24555
24617
26275
26768
27589
27758
28202
28264
29208
29248
29675
30080
30230
30239
30323
30840
30909
31574
32765
33057
33795
34498
34706
35719
35979
38279
38713
39233
39267
40211
40320
40437
40510
42114
42511
43538
44494
45044
45047
45164
45644
45655
46412
46471
47245
47547
47820
48147
48347
48667
49160
49206
49269
49467
49649
50623
50717
51071
51295
51890
51995
52009
52371
52621
52812
52951
53023
53084
53612
53674
53809
55350
55723
56159
56206
56559
56650
56995
57191
57380
57658
57677
59148
59167
8118
20988
27898
29010
35091
41808
58
378
1232
1409
1415
3865
4536
4811
5110
5843
6431
7786
10243
11447
11946
12019
12096
12376
13132
14002
14089
14929
15064
18011
18393
18399
18452
18671
19033
19644
20003
20212
20650
22272
24002
24641
24820
25597
26956
26972
27444
27735
27787
28142
28195
28710
29557
31343
31588
32063
32281
32514
32609
33570
34162
34821
36766
37010
37107
37180
37230
37414
38878
39804
40664
41994
43557
44445
45629
46186
46532
47984
48235
50559
51206
51831
52310
52627
53658
55960
56103
56222
56541
57842
3086
5940
8721
29696
35121
42608
44416
46243
49186
51325
53490
23853
3712
9069
17541
20626
41706
45851
47379
1593
3546
4369
4376
5300
5584
8728
9641
9755
11034
11645
11700
12535
12586
13279
14003
14787
19810
19855
20295
20487
22028
22581
25203
26414
27209
27846
28542
29458
29899
31981
33146
33674
34661
35315
35466
36627
40084
40854
42255
42467
43069
43544
44090
44752
46647
48481
49125
49355
49483
50243
50988
51591
52832
53135
55368
55377
55787
56261
56575
57080
131
899
2062
2213
7238
7249
9011
10575
13423
15216
16288
16489
17892
18957
22417
24033
24678
24992
27819
27916
28488
29125
29257
30151
30519
33241
36603
38081
43222
45795
46898
47839
48711
49187
50335
52451
54293
54655
54661
58145
83
1085
1481
4241
4322
4755
6307
6684
6816
7101
7757
8770
8826
9548
11796
11905
11929
12025
12348
12631
12766
13024
13999
14396
16521
17217
17279
18448
18902
19146
20074
20360
20700
21078
22736
24429
24615
25737
26834
27679
28263
28652
28913
29286
29423
29551
30030
30187
30825
31483
31492
31590
31800
32795
33030
33858
33888
34035
35072
35155
35788
36250
36643
38684
40189
42227
42615
44521
44588
45519
46049
46279
47901
47999
48160
48824
49894
50842
51404
51572
52237
55128
56790
57461
57542
39
384
790
811
1181
1338
3094
3536
4906
5560
5572
6361
6595
7279
7374
7569
7690
7951
8494
9974
10560
10695
10788
10980
12454
13513
14098
14252
15026
15594
15744
15827
16272
16423
16622
16741
16779
16992
17570
17573
17664
18678
18697
18699
18709
18880
18928
19354
19841
21883
22633
22650
23819
23878
24028
24239
24275
24443
26135
26182
26579
26973
28193
28570
30431
30579
30870
31672
31703
32700
32755
33021
33107
33275
33337
34081
34837
34898
35387
36376
36397
36485
36768
37039
37214
37465
38639
38767
39172
39254
41078
41269
41825
42146
42182
42305
42817
43310
43865
43938
44284
44770
44899
45186
45407
45449
45536
45741
46405
46640
46942
47128
47350
47565
47912
48093
48883
48949
48980
49048
50117
50174
50370
50862
51625
52470
52700
53161
53264
53403
54112
54188
55510
55591
55655
56098
56132
56203
56720
56830
56889
56909
57200
57283
57493
57706
25712
26497
52932
3301
10256
10604
11062
11454
12143
13874
16971
17352
19764
20582
22284
24478
31608
35183
37533
38131
42333
42814
43014
45905
50140
51867
53130
53648
55552
57365
42093
9215
11190
13391
13501
25502
32592
40206
53811
57157
1865
20347
24703
25057
26767
27513
27595
28711
34869
35694
40003
41157
41231
43751
45109
45939
10872
11517
13852
15340
16427
17428
17743
18327
19376
19426
20250
20662
21945
21975
24696
25685
28832
32709
33620
34087
35174
37161
39904
40041
40701
41733
42479
48027
52269
52339
52655
53357
54826
54981
55408
55632
55914
58546
19871
46035
2227
3611
6959
8180
13657
16041
48757
50186
55760
1022
1695
2047
3343
3535
3601
3820
4991
5070
5114
5413
6338
6482
7371
7794
9009
9227
9511
11675
13007
13136
14948
15884
17179
17488
18504
19333
19400
20410
20881
21503
21737
22047
22306
22338
23275
24258
25018
25894
28109
28233
30708
31505
32480
32749
33221
33866
35509
35648
37165
38582
38912
40890
41053
41190
41316
42276
42594
42709
43536
45699
45796
46228
47779
48194
50040
50272
50489
52609
53411
53551
53846
55029
56376
56524
56702
143
1605
3002
4172
4925
5910
5974
6181
6259
6579
7608
7652
7823
7843
8003
9318
11273
13936
14250
14348
14869
15225
16430
17529
17567
18584
18951
19515
21283
21641
21931
22081
24174
24287
25824
26068
26667
29562
29812
31104
31107
31219
31972
34155
35363
36167
37616
38016
39147
41434
42161
42236
42376
43682
44787
45717
46033
46385
46568
46992
47609
48485
49325
49484
49823
51789
53110
53534
55564
55807
56053
56118
56799
57621
57751
9206
20371
21297
22969
41544
48486
49535
49536
14
22
269
458
494
725
763
1389
1574
2386
3326
3467
3477
3741
3753
3926
4017
5165
6009
6835
7498
7504
7726
8199
8236
8356
9564
9814
10916
10950
11256
11419
11537
11869
12291
13090
13497
13606
13963
14059
14313
14795
15593
15815
16390
16507
16673
17309
17576
17904
18244
18362
18372
18574
18734
18735
18769
18862
18917
19004
19605
20712
20879
21659
22243
22900
23038
23474
23762
23883
24063
25161
25318
25454
25492
25505
25586
25890
26105
26119
26917
27052
28123
28772
29974
30029
30232
30342
30448
30489
30741
31001
31192
31326
32647
33291
35493
36396
36482
36900
37523
37574
38375
38501
38642
39433
40881
40997
41592
41826
42266
42396
42545
42585
42612
42647
42879
42976
43021
43370
43438
43556
43563
44158
44404
45453
45811
46125
46606
46991
47013
47581
47588
47592
47936
48080
48089
48312
48940
49266
49527
49529
50042
50193
50336
51425
51509
51661
51853
51928
52226
52802
52942
53025
53276
53314
53444
53883
54210
54576
54596
54666
55108
55291
55402
55842
55870
55889
55948
55966
56168
56225
56231
56571
56832
56899
57772
57923
22220
8709
48577
56408
8019
37315
9028
9821
20139
20495
40066
2606
4602
16660
20723
36740
40260
18541
38069
45779
49564
12414
15223
2525
4467
5190
7327
8363
8867
10852
14312
14859
16406
17837
18674
19969
21805
25655
26793
27306
27808
29221
32106
33160
36182
36759
39545
40400
41388
42167
47237
47947
48407
50760
53257
54584
16292
39523
44376
51282
604
4662
18632
26692
39119
50014
50878
4863
12545
12699
33248
39134
26552
33446
14174
16397
16580
43895
46561
47052
52458
27150
43863
54915
8639
12491
47275
59174
1310
3876
11812
11965
21360
23995
30721
34599
46653
54457
9537
41016
50184
959
1043
1302
1621
2264
2271
2399
2681
2806
3584
3960
4083
5077
5355
5359
5396
5427
5551
5881
6237
6268
6362
6403
6568
7516
7659
8004
8636
9049
9231
9500
10021
10889
10955
11284
11771
12018
12163
12275
12366
12848
12949
13034
14115
14175
14246
14377
14446
14665
15040
15054
15536
15628
16432
16664
16900
17770
17847
17955
18065
18210
19691
20386
20570
21669
21788
21929
22136
22152
22276
23533
24247
24274
24773
25211
25405
25566
25821
26180
26234
26974
27035
28121
29017
29297
30366
30698
30821
30878
31026
31677
31941
32051
32151
32653
33680
33846
34023
34039
34082
35726
36088
36202
36488
36508
36734
36944
37044
37063
37350
37962
38011
38610
39349
40402
40730
41101
41617
41685
41889
42538
42767
44672
44988
45322
45408
45628
46121
46147
46283
46552
46971
47010
47200
47383
47520
47548
48066
48169
48373
48786
49396
50031
50115
50471
50514
50527
50640
50970
51796
52485
52619
52749
52791
53085
53428
53469
53529
53552
53574
53683
54400
54590
54691
55111
55346
55590
55633
56146
56148
56157
56628
57336
57661
57760
57851
57969
58009
58070
29214
29579
12152
2435
5305
17268
21300
24234
25572
28629
32273
36952
45634
57557
1917
25895
42551
47026
47496
52664
33159
54085
9055
23047
24948
29725
38149
39401
43114
46115
53076
51582
2142
2792
3930
3940
4360
6852
7257
9857
13790
15241
16588
17562
17651
19997
20401
21458
27763
27771
28538
30966
31487
32656
33688
33778
34021
34375
35241
37124
38411
38973
39608
39828
41752
42134
42681
42693
43271
47826
49936
51519
51710
54002
54504
55043
57347
945
20307
21491
22407
23282
31597
33344
48461
50027
56256
983
1634
1638
2055
2153
4227
4397
4544
4908
6508
7305
8511
11966
14126
15300
19222
20018
20778
23084
23645
26940
27736
32150
32396
33691
35108
39087
41442
41681
44479
45639
48073
50364
51738
52066
54976
5858
10016
16125
19151
47602
47640
13109
44992
21057
28364
35215
35566
40281
51076
11575
14144
41141
45894
510
523
552
598
706
1797
1955
1987
2377
3923
3999
4552
5397
6717
7021
8059
8611
8622
11392
11564
11916
12342
12972
13027
13764
14127
15510
16826
17905
18346
18622
19015
19056
19071
19458
22250
22644
23064
23893
24973
25009
27002
27450
27538
28618
28964
30564
30582
30611
30685
31034
31534
32227
33508
34007
34356
34486
35035
36824
36847
37240
37771
38337
39298
40181
40311
40511
40565
40949
41410
42350
44615
44786
44897
45298
45842
45845
45859
46009
46085
46100
46620
47256
49744
50167
51103
51138
51265
52413
52971
54443
54871
55264
56803
56902
57809
12265
12485
38171
38191
54315
2755
5113
5236
43349
4408
5930
9853
14603
16653
17585
17589
20973
24548
26057
27830
35368
38057
49175
52316
45832
49347
36320
2100
5074
5433
8298
11522
12677
25367
25814
28886
30017
33897
44777
51074
52028
4518
9150
14896
18657
19228
23425
23898
28221
39163
53262
57042
57855
3823
8114
12033
14404
40387
12650
711
1401
2560
3859
9997
10389
11346
11872
15311
16351
17977
19026
22744
32439
36429
37960
39220
42424
43676
45465
45856
46768
48217
48985
54328
56253
52206
42918
49060
51482
10473
47540
5499
14228
21138
43302
45367
52426
135
12771
12945
13010
19794
21777
22087
24497
56762
1373
7818
10610
18109
18811
19096
20473
22838
36113
37173
37714
40418
40864
42714
43924
49960
52520
53338
13904
34652
41760
50751
262
638
779
977
1003
3254
3385
4574
4677
4703
5686
6914
7335
7572
9435
9873
9924
10899
11348
11428
11679
11884
16103
17146
17552
20058
20405
21746
23206
24924
26865
28226
32401
33907
36989
38173
38253
38720
38736
38760
38855
39276
41121
43828
44491
45200
45400
45718
46664
51466
53835
54984
56012
56204
2529
3298
4389
5115
9453
9561
16000
16221
20080
22796
25349
28434
28788
42188
47887
50565
56766
30072
47415
27452
48616
98
11488
6155
7311
10205
11918
18113
20887
22465
25477
26306
27109
28808
32763
38857
40995
42382
44208
46443
47716
49542
51213
51810
55209
55339
339
7441
30171
31921
10009
21169
49287
59220
3867
5143
6672
7295
9113
10309
10754
10932
10992
15079
15193
16164
16186
16648
19716
20028
26235
26288
30172
31362
32984
33547
35255
35457
35640
39515
40550
43466
43831
47852
48579
49554
49599
53594
58640
59168
9366
15324
26483
31699
45830
4164
17274
17607
17623
32034
34915
572
3671
8342
21011
25772
38245
42549
51748
55827
24899
35242
41429
57358
51543
57108
21533
44751
7448
12060
12504
15609
28217
47422
47699
48104
54989
4328
11598
38210
42690
55866
2161
14173
16527
28307
32621
49451
169
5737
25150
36514
43935
47411
7526
19172
31757
41171
45284
46320
17703
33736
2133
601
1692
2579
4208
5151
5614
7460
11248
11312
13328
14659
15184
16458
17256
18648
19483
19528
19967
20446
20478
21021
22023
22383
23228
23386
25008
25544
26231
27745
31331
31573
31645
32680
32978
33480
34472
35404
36089
36090
36170
39744
41472
42555
43507
44029
44255
48739
49415
50264
50932
51623
52270
53593
54280
55134
55373
23464
11039
18287
33091
35941
38543
44037
3549
12171
22915
26424
26544
29798
39110
42487
50232
7669
12442
24301
30748
34888
50112
8706
27984
43124
54153
54688
25199
2701
8761
15132
364
16096
18132
19837
21727
23164
24326
28408
30764
31979
32018
32904
35860
36406
38451
42342
42827
45724
48539
51017
54267
54344
56065
1214
6738
10525
21396
24472
31105
32487
34733
39592
44056
51645
51879
54673
2356
14166
18260
34827
45972
49773
54282
40151
13451
31751
39456
2777
25288
4733
8934
33726
46522
16596
550
1312
1474
1694
1813
3310
4634
4678
5021
5707
8533
8960
9393
9444
10665
11083
11794
13792
14244
14482
15533
16536
18246
18672
18827
20951
21575
24368
24590
25432
25861
27041
29593
29820
29958
30497
30765
30885
31496
31787
33334
35937
36526
36532
39256
39319
40847
47785
49318
49576
51368
53491
56281
56291
57383
57472
42116
25445
28864
30353
31859
43020
2382
10797
1166
6808
7885
3250
3676
5434
7598
8469
11766
15648
17081
17860
18342
19014
22621
23357
24389
25171
26270
26821
26890
26946
29272
30139
30428
31853
32117
33889
36971
37482
38719
40055
40196
40908
42327
45553
46387
46428
48414
48566
51525
52340
54015
54395
54405
54956
56109
56410
57124
12890
1072
7251
6970
20996
36227
4053
54169
4166
35052
39606
45195
45763
46013
1632
8341
11722
15456
44125
14408
18653
33606
37485
53869
36241
44535
30525
41942
16760
44640
52715
53514
54233
54906
55304
25507
3614
9329
30100
40620
53969
760
917
5891
6681
7603
13147
16715
18546
18559
20400
25766
28676
32852
38817
46293
46507
48172
48914
50181
52212
52597
55054
55825
55920
56910
2092
20602
1093
2043
3377
4158
18461
39175
40274
43442
43627
43990
45636
45838
13905
3323
3497
1486
4425
5602
8861
9570
9704
29689
38202
38203
47535
50894
52435
55544
1503
3893
4936
12258
13430
18987
20266
20950
21160
21718
21913
25479
26017
31294
31341
31704
33284
33285
35140
35163
35966
51871
52860
53765
54560
56838
4107
17791
21580
29745
39960
41213
46163
50743
52236
53842
5765
6376
12236
15659
17931
18894
32758
37553
44039
46914
21502
1057
3716
4139
8858
9269
11987
14210
15460
20979
21520
22514
25582
38448
49387
43258
46933
7637
9978
15377
20475
35151
37438
40984
42602
46720
55096
57541
42520
48166
8776
26820
37629
13647
17164
22486
27940
29239
49830
49832
11387
12118
15579
18238
19927
27594
35094
35597
36970
55878
620
3953
3971
6136
11406
14345
17523
20791
22817
23291
27225
28170
28274
31380
37719
43909
49312
53909
57678
53521
1019
4069
5456
5786
21591
23104
26514
27149
30067
31425
46161
26444
4269
19831
25773
27328
34612
42772
44943
46953
29018
54411
22926
32694
3439
4095
6419
7749
22448
29354
38672
3919
3667
3866
4303
4883
9871
15004
20094
26950
34617
39958
40177
46101
48385
48783
842
2823
2918
5142
7050
9013
9141
9772
12330
14266
14825
16465
16777
17498
18456
19193
19234
19361
19506
19892
21053
21391
23041
23927
26597
27101
28132
29867
31485
31730
31920
32170
32176
32669
33356
35268
35446
36457
36497
37154
38452
38845
38999
40923
42946
43876
44970
46429
47533
48174
49967
50650
50744
51938
52349
54116
55610
55715
55752
55755
55836
56033
57240
57464
57575
57861
26361
4480
14693
16354
25884
29059
34020
43951
45674
42028
57847
5794
14075
36646
39187
27401
3966
9901
5449
7953
11969
22345
33530
34437
37877
39796
42986
49189
55542
13922
2328
20148
29774
34924
39489
44156
46369
57139
1967
33958
36343
55981
14122
22377
24537
41417
43779
54245
1519
19132
24420
24908
25525
50068
544
2234
10652
18480
29584
32442
38925
45313
57543
44636
10747
41849
21861
34042
35390
55792
43395
50108
56461
33132
52687
16459
5307
50996
8839
26743
30264
45031
55540
10458
15625
19636
19919
26257
28915
33325
51070
54961
58040
58071
482
9367
14307
31253
38120
39619
46815
48880
2347
48870
26296
37924
29905
31441
47753
50274
7670
14892
14924
16991
22980
24980
26576
28903
34813
35968
43223
45531
48830
50161
55804
13351
16911
22349
46278
14066
56420
864
1298
28836
36949
44205
41923
38998
19388
9695
51005
2393
5831
23259
24796
27383
42775
44347
48269
45365
7536
2365
14903
1061
2886
5012
7053
7625
10054
10857
12725
18664
18682
21740
26859
28165
29202
29751
30331
30745
34293
34932
39258
42060
43321
43781
43792
44467
46092
54073
11548
12023
26702
34070
38737
43684
45241
51833
24604
28701
57024
1504
18312
44858
2273
5447
26843
38437
38622
46563
53459
54628
3503
3839
13956
19006
32580
34165
39395
56946
4117
6224
25204
31237
32848
39342
44824
46576
1564
3935
4340
6185
8879
10617
10672
10877
12000
12229
13826
14745
15357
15422
17251
18418
18804
23107
24354
25703
28087
28799
31587
32092
36750
37018
37753
38296
39734
45273
46519
47134
47355
51373
52999
53168
53371
54624
54933
57506
21108
24845
25638
52786
32746
45703
10813
33494
37514
43700
25568
33326
36963
53695
4039
4941
33226
40964
56057
57452
29256
8302
16639
1921
12567
14904
17359
41424
44763
48663
55942
56126
57434
59170
4860
13245
26837
38933
41525
366
1717
2686
3191
11137
13640
14765
15428
16515
19488
21969
24208
24985
25333
29754
30751
31993
33881
34512
37067
37993
38556
48133
49154
49303
49606
49695
52266
55278
55929
56765
57331
9709
10969
13276
14925
50579
17319
3660
4014
5706
7255
18704
19156
23561
24504
33811
34360
35271
37874
47149
47313
49018
51040
51580
54004
54360
18464
204
3928
5938
6188
6710
6754
7712
8963
9482
13855
17600
19137
19680
20106
20403
21866
28603
29479
33539
35685
37029
38056
42300
44139
45693
48459
48592
53004
54320
55961
15532
52016
275
23415
43710
58735
24337
44652
17748
33461
29177
31890
42851
12156
2518
21560
24923
29161
51486
54643
55307
79
470
5328
16146
22726
34142
37625
52868
49167
36867
16137
19751
24789
10530
41476
18744
629
8920
24205
24740
25866
32563
37537
54928
57644
13193
37113
2971
7555
11951
15074
16878
22330
23779
28848
31042
36546
38558
38628
39338
41594
43413
48988
51110
53684
32030
52419
3486
7931
24372
39186
9967
27072
28041
49217
57307
31519
1105
1698
2157
9111
14957
15204
16161
20566
24588
29594
30658
33018
40413
40769
46195
52320
53179
53631
56184
56191
56607
56616
56739
57151
57373
14936
24630
26459
30483
36516
41749
1559
2498
32211
35954
38548
52746
2895
12935
21158
22393
32194
52483
29444
172
5492
24485
2800
6121
10112
14351
18780
19236
24848
35929
39427
54252
11584
51281
12998
1821
43180
30567
3521
5478
5736
5774
6110
7125
9929
10758
12339
13842
15906
21167
23207
24509
25359
27928
31201
31374
33783
40032
41578
43606
43624
44384
45089
46669
53780
56673
57206
58420
50447
16411
18715
37002
42214
44556
50798
21824
45121
50
2178
6408
7518
8300
10378
11445
12061
15598
15910
17693
20642
22911
29931
31088
32220
34333
40917
41293
48557
52256
58537
1891
3950
10787
11235
18145
19362
20612
32906
34569
35247
35775
39768
46730
49982
54993
8586
9187
19221
20145
28558
31822
38620
48230
5659
24650
26346
30701
21926
22129
24037
43787
53949
11792
12022
25193
28779
52826
55235
55875
47227
24408
4394
8168
8601
11372
11554
13716
20643
23655
24891
25092
32547
37589
45339
49439
50340
55817
55911
5741
1138
2453
5511
5574
8843
9180
14230
14532
15886
19094
20627
23831
24446
24847
25380
26186
26200
26202
28660
30962
31254
31263
31457
31753
32060
32511
34335
35503
41007
44934
54308
55645
55810
56235
56920
57919
58125
5230
23166
995
1040
3369
10688
12322
12663
16045
16849
16890
16893
17647
18160
21000
21877
22559
25037
26353
27737
33322
33714
34010
34752
35872
36194
36521
42569
43294
44253
46950
48273
49751
49792
54789
25153
46351
224
1847
4704
5484
5565
5814
10439
13165
13247
13677
15919
18950
22881
29645
30771
35177
36533
36618
39830
40277
42362
44252
49711
50916
54568
56343
34283
33252
752
4735
6222
9239
18339
24219
36591
40761
750
5683
9727
13725
14620
18641
26434
29054
32864
37470
37866
42203
46335
50377
54912
56402
57667
57889
4003
14334
40491
40533
48098
13496
27029
12698
27727
58405
46974
54494
4633
6434
7208
10317
17459
17915
18646
18888
19916
24067
24785
25337
33985
37619
38636
39442
39691
39762
41376
45397
48084
48551
51803
52446
53220
56955
57169
57820
46553
47998
30569
19748
31025
48967
27130
29705
37280
37764
49657
55704
57729
5227
19030
40979
58022
17404
32004
9333
11015
16068
20577
35542
36797
40791
46445
52156
22001
857
5530
11368
20541
21316
21649
22151
22570
26193
26598
27405
28526
28656
29634
33230
35326
38407
39557
40797
41677
42079
42667
43238
46521
47722
47891
49111
49915
55500
6030
35936
52861
7005
26959
27850
32103
53165
3609
26801
28815
49050
57795
47498
4779
6649
10739
29986
32735
49223
49414
687
13502
4254
17463
25430
26927
57702
2818
19542
30972
48855
673
1192
14679
16468
20633
31071
31844
36414
41605
43004
46961
47022
52767
54144
59137
5432
16587
16980
46297
47944
55971
35120
11816
26945
18752
7773
14265
28306
28747
37354
49854
51784
53160
13392
15131
30737
41249
43715
904
2400
2644
3132
4225
5241
5381
5571
5819
6285
8281
8552
8673
9007
9194
9629
10020
10152
10278
12273
12276
12409
12617
13378
13545
15164
15695
16742
19150
20340
20668
21029
21848
22090
24249
24892
26663
26760
27987
29455
29570
30490
30691
31723
31759
33235
33309
34425
34854
36022
36468
36572
36637
38039
38507
39853
40449
42344
42474
42855
43416
43866
43973
44086
44191
44619
44820
46215
46277
46454
47117
48770
48953
49007
49313
49638
50867
51537
53655
54968
55058
55372
55799
56069
56324
56342
56971
57049
57095
57326
57462
57535
57618
5607
8099
13626
16034
20259
22543
51148
58766
23894
32028
53239
41741
1260
17616
28410
38020
44185
54499
3371
3924
48326
2747
35102
1533
57016
3733
19301
23179
38568
4581
20197
28472
1262
24628
32858
36975
48498
54242
481
1348
2337
2413
5010
12295
12310
13009
14395
14643
15044
21741
23978
26084
26098
28614
28638
30609
33526
40028
41059
43592
45805
46622
51460
53861
16480
20260
26282
36345
38073
56562
26716
31333
49973
53275
54294
54870
2119
16675
28706
34776
12988
17489
25102
30471
33321
39177
44815
55796
815
2236
4423
8444
10658
21198
22318
24041
24401
26878
30001
30336
30406
31502
33100
34193
39308
39361
43231
43793
44225
46423
48359
51459
51554
53214
53898
20407
41797
51654
43610
36312
975
21504
38766
20507
26145
5322
12035
28236
32405
38335
38893
50920
6449
29430
3181
7507
15141
15784
16543
19010
20766
21328
22222
23523
26026
28169
29987
30032
36370
36483
40536
47597
52585
53107
56807
20427
23157
57313
41302
51749
8321
37343
49563
22229
16703
42763
49750
49857
51981
3695
9270
10017
10388
13899
22589
33047
43601
44543
45556
48299
51400
2304
3183
20961
56688
28376
748
1205
3615
7563
15423
19093
24919
25251
31241
37655
39670
40842
49547
56916
26695
29852
35490
40485
42174
52967
14357
12556
25730
33719
14445
17650
54785
44952
37058
2726
4729
5246
6518
9105
9285
15271
15326
22105
22523
26582
34232
35819
36334
37582
37701
38052
52295
52884
55553
11608
13157
15029
23461
23956
25365
25563
25728
31361
35128
36358
37034
37257
39926
40540
40982
43181
47193
47235
49064
53017
53083
24886
12440
30817
35198
48177
26269
29130
32915
26996
13270
26809
20623
42955
40776
58932
57607
17350
22642
24853
45389
390
657
735
2667
5312
12133
13401
14409
16340
16993
18155
20738
21895
23098
26337
26697
28065
29608
30274
30713
32500
33458
35650
37357
37565
39528
44263
46693
47974
48007
48540
49218
50806
52325
53665
54397
3754
4616
9661
29454
50024
56197
30374
47649
11298
31085
26877
2764
15138
28741
15315
55940
19414
7840
3085
9260
10766
18069
21014
33919
43587
46818
47372
54285
21095
34534
34613
34737
41425
3644
32329
42984
37218
978
1958
2952
3979
4671
8905
9041
13456
26857
34507
34751
35710
37115
39223
41361
41457
42375
49390
50050
51825
51972
54379
54390
54991
55615
58130
15974
6416
10532
12928
33724
26705
562
2483
3136
4102
4362
4738
4833
5763
5768
6433
7677
8178
8316
8455
9018
9023
9238
9886
10207
11339
11479
12625
13988
14571
15075
16053
16401
16478
17242
17432
18792
18879
20165
21393
22042
22612
23969
25208
25214
25219
25714
25938
29497
29922
30326
31262
31308
31332
31579
31709
31950
32006
32009
32096
32241
32292
32376
32443
32498
33237
33966
34138
34601
34636
35697
35764
36240
37168
37799
37903
37939
38141
40101
41724
42609
42938
43125
43696
44836
45574
46130
46565
47291
47734
47759
47772
49290
49667
50062
50660
52213
52893
52902
52917
54162
54324
54625
55499
56897
57013
57187
57228
57316
58286
32156
21253
34678
17300
30048
5061
10472
17416
28324
34276
36887
24601
52000
29488
45719
51402
2926
27864
40424
4165
5852
14690
25925
33731
45549
45675
45880
48267
33299
34657
45561
31403
8038
43452
55268
56339
8916
2456
31215
8730
7895
3429
27140
1182
12905
16629
23896
24155
27672
42058
55560
57913
24584
1517
43855
3276
5929
14694
19989
23365
40772
44606
36700
27473
38188
20380
684
53236
44492
18966
21914
26045
41119
17999
53902
20898
35267
59023
1203
5554
43670
49877
27645
21397
34114
43927
44062
54909
6215
33218
51869
17124
21229
43398
59335
5656
19596
10125
55022
36009
4884
8680
30246
41132
55925
48037
3578
4866
25548
16704
25979
12609
54136
45415
23986
43690
44599
50216
3737
5099
10689
15998
18105
20191
24857
26693
26710
32479
33087
37138
40310
45767
51868
57994
27747
31955
36288
53664
24723
35565
35040
50217
32291
45846
41621
44602
50411
284
3668
9710
19610
41109
45260
2697
13244
46655
10551
46548
47599
19891
39815
3414
9210
41484
46269
21850
37946
13925
21294
33945
20160
4698
45344
31576
42872
8378
5356
11593
12398
17494
28208
31321
32309
40680
46737
24162
49146
10823
17445
28550
12959
28253
47919
1527
7604
16644
18214
36529
37793
40391
42084
43493
47266
48394
53546
56026
56116
59217
58088
17932
51118
29921
33982
38106
47922
483
1801
5213
16030
19669
47708
50501
56249
16444
47497
23957
38322
4709
831
1831
2342
2756
2856
6889
8029
8156
9655
10267
10779
13601
13701
14542
16199
16447
16491
16613
17125
17363
18891
20882
22609
22720
23332
23347
24459
25384
26654
28301
29238
29327
30720
30831
33476
33646
34153
35124
35536
35818
36107
36215
36966
37595
37615
38596
39809
41523
41818
46526
47666
49613
50941
51049
53480
53488
57688
57691
58797
19877
21583
30563
1130
10191
14160
22213
28269
30164
31530
38559
39575
40432
50125
50156
51383
53875
56013
56822
57339
26749
54665
4313
7777
19034
21819
23103
23693
30758
53046
53386
56186
3526
35351
16654
24554
8026
27152
40640
12903
21836
58043
31122
7013
12351
25216
33927
2976
5809
5994
6330
15327
20571
24893
38907
44849
46839
56237
27555
29718
45095
15103
7661
20355
32182
37857
42175
43166
13084
3294
11153
12474
16039
18087
21004
35611
49553
49614
55119
55899
56645
2232
40338
20327
33980
56805
50398
34882
2897
27285
44076
46777
45234
40240
27748
1033
5102
22111
4235
9864
18522
2801
8027
26867
33233
3073
54946
14570
27022
32670
39751
55444
5451
14180
16711
53885
2424
9211
14291
41622
42662
43774
8066
23538
37671
42324
2005
17120
27485
36517
37379
41412
44028
55249
15475
16871
50588
58941
32455
14504
548
8109
9084
14236
17796
44575
54800
21968
48328
57015
8734
22779
22851
1004
26463
43283
17039
43159
5778
54778
10367
18793
20550
23625
23880
35134
56390
36880
2066
26216
33698
34691
38839
40553
10740
15989
33802
39080
51927
51957
51975
18001
31078
4918
8612
18295
20294
20492
23778
24479
25936
26574
29663
31624
39673
45547
50852
46939
19630
6779
129
5052
12801
13972
14700
15942
18839
23679
28611
28879
30329
37370
38953
44138
45756
50357
58447
8170
16794
28623
34295
11953
16684
30542
34149
55245
10478
42626
4439
43400
2088
13838
19176
22485
36462
41933
47377
49634
49808
51893
46917
7342
882
10960
22713
4556
36231
37763
29342
764
55296
8892
8000
50517
54881
15933
19143
32400
52033
52117
44502
55239
55651
607
40543
52326
54514
55298
58968
4701
4992
5253
7118
38187
54104
34357
26769
29667
45193
9799
11495
34549
55173
5526
18356
29748
44489
38898
1202
53928
58661
16903
21528
9080
12991
17026
18881
27342
28537
30593
32259
38246
39883
49203
58714
33910
4342
2380
12255
4047
23293
5523
39296
46200
48750
42664
21681
7897
51172
10234
40713
57102
35725
27662
8886
48277
40314
46112
474
1240
2002
3292
4156
5205
5760
8683
11314
12071
12347
15104
15323
20894
20946
21797
21983
25276
28627
30521
34712
35782
41005
46497
47060
47089
47743
49957
50422
51253
55031
23651
3258
8540
10534
12896
19548
22070
30180
40137
46509
50045
54281
54336
54475
55463
57290
16987
49389
13228
38317
12721
23398
50823
7596
27239
37223
56695
8621
55720
21367
243
7748
25817
30384
40454
45382
48008
56137
9264
7968
9148
11569
15265
18392
23251
26501
33262
33992
49497
51234
26351
9634
20394
29656
33010
40727
46456
46542
47896
47361
48607
11795
56440
21337
16471
55409
36436
4144
22413
38603
44304
48996
6532
14107
17941
45470
7479
6398
21490
39495
49872
26281
37755
38798
48032
50123
8993
56334
46894
35014
2490
35041
39877
28855
53554
2016
6531
32610
525
886
2486
3495
4116
4179
4455
5003
6374
9600
9659
10257
11251
12415
12867
13932
14094
14750
14966
16841
17513
18703
19356
19943
20100
21429
21804
22356
23562
24977
26792
27087
28188
29549
30021
30066
30669
33739
34355
34426
36159
39402
40595
42187
42842
46010
46189
47004
47736
48861
49625
49937
50195
50602
50788
50973
51093
52956
53443
53457
53977
54353
55568
55955
56022
56312
56417
56476
56934
1700
4332
7058
8674
9893
10041
12637
14606
15370
15881
20651
20901
21061
21888
23249
24836
26520
27188
29627
30409
31582
35720
36852
37495
41105
42293
44794
46201
46536
50478
51614
54614
56134
57074
9831
39297
58034
1303
21896
38647
29058
13776
35706
46541
58799
14054
20157
20983
10340
195
37497
1522
6270
34629
48003
53589
56472
44471
6006
13121
30306
41348
49038
54838
51760
5625
8913
13929
59285
18937
7871
46095
19567
27227
30105
32320
51859
31228
33043
2746
867
12613
15218
46739
58278
996
3378
24839
55602
6991
8796
27882
50142
52941
31442
31865
42603
1183
2149
2951
3236
5018
5067
8672
8780
9833
10091
12558
12879
13940
16191
17397
18158
18455
18857
20078
20265
20436
22135
22360
22786
22917
23285
24055
25277
25910
26375
26388
27155
27171
28129
29524
30369
31153
31172
32073
33022
33419
36391
37221
37546
39114
39131
40463
41204
43590
44659
45330
46325
46793
47950
49716
49908
50165
51319
52150
52796
53732
55551
58119
25389
56492
35230
39535
59289
18220
29139
6741
26006
5496
12665
13576
22052
30085
32976
16337
19298
59099
37289
49745
17177
11656
28733
59269
8708
26144
57666
4075
7784
34485
51507
8264
24269
29592
35946
51087
39141
58513
4603
4810
7172
14119
15789
19307
19612
22943
26968
33259
35575
39293
40378
42478
46191
46417
51312
53389
53697
53736
56016
56737
56896
57579
38897
10067
34812
39403
32402
31413
38851
41091
10295
54645
49421
54365
8751
21939
2185
8138
16174
25362
34464
40157
53770
24559
1561
29763
30982
33630
57856
50331
45432
44293
3580
3598
6519
7354
7742
8864
13602
15828
18192
22237
23043
24375
25944
27934
28559
29981
30298
31728
33348
36387
42728
42896
43374
46672
48654
48797
53406
56618
28824
9987
27201
33020
33270
34674
45735
46216
57744
37833
11935
38482
26108
42319
55716
23872
5720
14186
20568
32173
31459
50881
631
44065
31646
39576
46802
37978
35639
51064
7789
10172
11647
26383
26988
27760
31936
37066
42935
43615
44802
54337
54843
56238
56464
56798
57056
102
6792
13464
32667
41657
44837
27018
13685
18330
40878
4604
58708
23910
47339
13610
37334
55644
58476
58794
41345
