10009
10016
10017
10020
10021
1003
1004
10041
10054
10067
10091
10096
10112
10125
10152
10172
1019
10191
102
10205
10207
1022
10231
10234
10243
10256
10257
10267
10278
10285
10287
10295
10309
10317
1033
10340
10367
10378
10385
10388
10389
1040
10421
1043
10439
10452
10458
10472
10473
10478
1050
10525
10530
10532
10534
1055
10551
10560
1057
10573
10575
10604
1061
10610
10617
10628
10652
10658
10665
10672
10686
10688
10689
10695
10710
1072
10739
10740
10747
10751
10754
10758
10766
10779
10787
10788
10797
10813
10823
1085
10852
10857
10859
10872
10877
1088
10889
10899
10916
10927
1093
10932
10950
10955
10960
10965
10969
10972
10980
10992
11015
11034
11039
1105
11062
11083
11097
11099
11137
11153
11190
11221
11235
11248
11251
11256
11273
11284
11298
1130
11312
11314
11339
11346
11348
1135
11351
11368
11372
1138
11382
11387
11392
11406
11419
11428
11434
11445
11447
11454
11479
11488
1149
11495
11517
11522
11537
11548
11554
11564
11569
11570
11571
11575
11584
11593
11598
11608
11645
11647
11656
1166
11666
11675
11679
11699
11700
11722
11766
11771
11792
11794
11795
11796
1181
11812
11816
1182
1183
1185
11869
11872
11884
11905
11916
11918
1192
11925
11929
11935
11946
11951
11953
11965
11966
11969
11979
11984
11987
11991
12000
12018
12019
1202
12022
12023
12025
1203
12033
12035
1205
12060
12061
12071
12096
121
12118
12133
1214
12143
12152
12156
12163
12171
12188
12189
12193
12229
12236
12255
12258
12261
12265
12273
12275
12276
12278
12291
12295
12297
12302
12310
1232
12322
12330
12339
12340
12342
12347
12348
12351
12366
12367
12376
12377
12398
1240
12409
12414
12415
12420
1243
12440
12442
12454
12456
12472
12474
12485
12491
12504
12510
12535
12545
12556
12558
12567
12586
12590
1260
12602
12609
12613
12617
1262
12621
12625
12631
12637
12650
12663
12665
12677
12698
12699
12721
12725
12765
12766
12771
12796
12801
12848
12858
12867
12879
12890
12896
129
12903
12905
12928
12935
12945
12949
12959
12966
12972
1298
12988
12991
12998
13007
13009
13010
13018
1302
13024
13027
1303
13034
13042
13084
13090
131
1310
13109
1312
13121
13132
13136
13147
13157
13165
13193
13228
13244
13245
13247
13270
13276
13279
13328
13351
13378
1338
13391
13392
13401
13423
13430
13451
13456
13463
13464
13470
1348
13489
13496
13497
135
13501
13502
13513
13525
13545
13576
13584
13601
13602
13605
13606
13610
13612
13626
1363
13640
13647
13657
13677
13685
13701
13707
13716
13725
1373
13764
13776
13790
13792
13826
13838
13842
13852
13855
13874
1389
13899
13904
13905
13922
13925
13929
13932
13936
13940
13956
13963
13972
13988
13999
14
14002
14003
1401
14031
14054
14059
14066
14071
14075
14089
1409
14094
14098
14107
14115
14119
14122
14126
14127
14144
1415
14160
14166
14173
14174
14175
14180
14184
14186
14210
14220
14223
14228
14230
14236
14241
14244
14246
14250
14252
14265
14266
14291
143
14307
14312
14313
14325
14334
14345
14348
14351
14357
14377
14379
14384
14395
14396
14404
14408
14409
14445
14446
14482
14486
14495
14504
14505
14532
14542
14569
14570
14571
14603
14606
14620
14643
14659
14665
1467
14679
14690
14693
14694
14700
14712
14733
1474
14745
14750
14765
14787
14790
14795
1481
14825
14836
14859
1486
14869
14892
14896
14903
14904
14922
14924
14925
14929
14934
14936
14948
14957
14966
14977
1498
15000
15004
15007
15026
15029
1503
1504
15040
15044
15054
15064
15068
15074
15075
15079
15103
15104
15113
15131
15132
15138
15141
15159
15160
15164
1517
15184
1519
15193
15204
15216
15218
1522
15223
15225
15241
15264
15265
1527
15271
15300
15311
15315
15323
15324
15326
15327
1533
15340
15357
15370
15377
15410
15411
15422
15423
15428
15448
15456
15460
15475
15510
15532
15533
15536
15551
15565
15579
15588
1559
15593
15594
15598
15609
1561
15618
15625
15628
1564
15648
15659
15695
15711
1574
15744
15776
15784
15789
15815
15826
15827
15828
15852
15855
15878
15881
15884
15886
15890
15906
15910
15919
15924
1593
15933
15942
15974
15989
15998
16000
16030
16034
16039
16041
16045
1605
16053
16068
16078
16096
16103
16125
16137
16145
16146
1616
16161
16164
16174
16186
16191
16199
1621
16221
16237
16271
16272
16288
16292
1632
16337
1634
16340
16351
16354
1638
16390
16397
16401
16406
16411
16423
16427
16430
16432
16444
16447
16458
16459
16465
16468
16471
16478
1648
16480
16489
16491
16507
16515
16521
16527
16536
16543
16580
16587
16588
16596
166
16613
16622
16625
16629
16639
16644
16648
16653
16654
16660
16664
16673
16675
16684
16695
16703
16704
16711
16715
16741
16742
16759
16760
16777
16779
16794
16801
16826
16841
16849
1686
16871
16878
16890
16893
169
16900
16903
16911
1692
16928
1694
1695
16961
16971
1698
16980
16987
16991
16992
16993
16995
1700
17005
17026
17039
17056
17081
17120
17124
17125
17146
17164
1717
17177
17179
172
17210
17217
17225
17242
17251
17256
17268
17274
17279
17300
17309
17319
17347
17350
17351
17352
17353
17358
17359
17363
17397
17404
17416
17428
17432
17445
17459
17463
17473
17476
17479
17488
17489
17494
17498
17513
17523
17529
17541
17546
17552
17562
17567
17570
17573
17576
17585
17589
17600
17607
17616
17623
17647
17650
17651
17664
17683
17693
17703
17743
17748
17765
17766
17770
17791
17796
17837
17847
17860
17878
17892
17895
17904
17905
1791
17912
17915
17927
17931
17932
17941
17955
1797
17977
17999
18001
18004
1801
18011
18065
18069
18086
18087
18105
18109
18113
18124
1813
18131
18132
18145
18155
18158
18160
18192
1821
18210
18214
18220
18238
18244
18246
18260
18287
18295
1831
18312
18327
18330
18339
18342
18346
18356
18362
18372
18392
18393
18399
184
18418
18448
18452
18455
18456
18461
18464
1847
18480
18504
18522
18530
18541
18546
18559
18574
18584
18622
18632
18641
18646
18648
1865
18653
18657
18662
18664
18671
18672
18674
18678
18682
18697
18699
18703
18704
18709
18715
18719
18734
18735
18744
18752
18756
18769
18780
18792
18793
18804
18811
18827
18839
18857
18862
18866
18879
18880
18881
18888
18891
18894
18902
1891
18917
18928
18933
18937
18950
18951
18957
18966
18979
18987
19004
19006
19010
19014
19015
19019
19026
19030
19033
19034
19056
19061
19071
19093
19094
19096
19113
19120
19132
19133
19137
19143
19146
19150
19151
19156
1917
19172
19176
19193
19200
1921
19221
19222
19228
19234
19236
19247
19298
19301
19307
19333
19354
19356
19361
19362
19365
19376
19388
19400
19414
19426
19458
19483
19488
19489
19493
19496
195
19506
19515
19526
19528
19531
19542
19548
1955
19551
19567
1958
19596
19605
19610
19612
19620
19630
19636
19644
19669
1967
19680
19684
19691
19716
19748
19751
19764
19794
19810
19831
19837
19841
19855
19863
1987
19871
19877
19883
19891
19892
19916
19919
19927
19943
19967
19969
19989
19997
20003
20018
2002
20028
20044
20046
2005
20055
20058
20074
20078
20080
20094
20096
20097
20100
20106
20139
20145
20148
20157
2016
20160
20163
20165
20190
20191
20197
20212
20250
20259
20260
20265
20266
20294
20295
20307
20327
20340
20347
20355
20360
2037
20371
20380
20386
20394
204
20400
20401
20403
20405
20407
20410
20427
2043
20436
20446
2046
2047
20473
20475
20478
20487
20492
20495
20507
20533
20541
20547
2055
20550
20554
20559
20566
20568
2057
20570
20571
20577
20582
20602
20612
2062
20623
20626
20627
20633
20642
20643
20650
20651
2066
20662
20668
20700
20712
20723
20738
20766
20778
20791
20811
20825
20861
20879
2088
20881
20882
20887
20894
20895
20898
20901
2092
20946
20950
20951
20961
20973
20979
20983
20988
20996
2100
21000
21004
21011
21014
21021
21029
21046
21053
21057
21061
21078
21085
21095
21108
21138
21158
21160
21167
21169
2119
21198
21229
21230
21238
21253
21255
21263
21283
21294
21297
21300
21316
21328
2133
21337
21344
21360
21367
21391
21393
21396
21397
21405
2142
21429
21458
2149
21490
21491
21502
21503
21504
21519
21520
21528
2153
21533
21560
2157
21575
21580
21583
21591
2161
21641
21648
21649
21650
21659
21669
21681
21697
21718
21727
21737
21740
21741
21746
21777
2178
21788
21797
21804
21805
21819
21824
21836
21837
21848
2185
21850
21861
21866
21877
21883
21888
21895
21896
21913
21914
21926
21929
21931
21939
21944
21945
21968
21969
21975
21983
22
22001
22023
22028
22042
22047
22052
22070
22081
22087
22090
22105
22109
22111
22129
2213
22135
22136
22151
22152
22213
22220
22222
22229
22237
22243
22250
22261
2227
22270
22272
22276
22278
22284
22298
22301
22306
22318
2232
22322
22330
22338
2234
22345
22349
22356
2236
22360
22375
22377
22383
22393
224
22407
22413
22417
22448
22465
22485
22486
22500
22514
22523
22543
22559
22570
22581
22589
22609
22612
22621
22633
2264
22642
22643
22644
22650
2271
22713
22720
22722
22726
2273
22736
22744
22756
22779
22786
22796
22817
22838
22851
22881
22900
22911
22915
22917
22926
22938
22943
22969
22980
22995
23005
23038
2304
23041
23043
23047
2306
23064
23084
23098
23103
23104
23107
23134
23157
23164
23166
23179
23206
23207
23228
23249
23251
23259
23275
2328
23282
23285
23291
23293
23302
23332
23347
23357
23365
2337
23373
23378
23386
23398
23415
2342
23425
23430
23461
23464
2347
23474
23523
23533
23538
23546
2356
23561
23562
23625
23645
2365
23651
23655
23679
23693
23709
23762
2377
23778
23779
2380
23819
2382
23831
2384
23853
2386
23872
23878
23880
23883
23893
23894
23896
23898
23910
2392
23927
2393
23956
23957
23969
23978
23982
23986
2399
23995
2400
24002
24028
24033
24037
24040
24041
24054
24055
24063
24067
2413
24155
24162
24174
24205
24208
24219
24234
24237
24239
2424
24247
24249
24258
24269
24274
24275
24287
243
24301
24325
24326
24337
2435
24354
24368
24372
24375
24389
24393
24401
24408
24412
24420
24429
24441
24443
24446
24455
24459
24462
24472
24478
24479
24485
24495
24497
24504
24509
2453
24537
24548
24551
24554
24555
24559
2456
24584
24588
24590
24592
24601
24604
24615
24617
24628
24630
24641
24650
24678
24696
24703
2471
24723
24727
24740
24773
24785
24789
24796
24820
2483
24836
24839
24845
24847
24848
24853
24857
2486
24886
24891
24892
24893
24899
2490
24908
24919
24923
24924
24948
24963
24973
24977
2498
24980
24985
24992
25008
25009
25017
25018
25037
25046
25057
25092
25102
25108
25150
25153
25161
25171
2518
25193
25199
25203
25204
25208
25211
25214
25216
25219
2525
25251
25258
25276
25277
25288
2529
25318
25333
25337
25349
25359
25362
25365
25367
25380
25384
25389
25402
25405
25409
25430
25431
25432
25445
25454
25477
25479
25492
25502
25505
25507
25525
25527
25544
25548
25563
25566
25568
25572
25582
25586
25597
2560
25625
25638
25655
25685
25703
25712
25714
25728
25730
25737
25766
25772
25773
2579
25814
25817
25821
25824
2585
25861
25866
25884
25890
25894
25895
25910
25925
25936
25938
25944
25972
25979
26006
26017
2602
26026
26027
26035
26045
26057
2606
26068
26084
26098
26105
26108
26119
26130
26135
26141
26144
26145
26165
26180
26182
26186
26193
262
26200
26202
26216
26227
26231
26234
26235
26257
26269
26270
26275
26281
26282
26288
26291
26296
26306
26337
26346
26351
26353
26361
26375
26383
26388
26414
26424
26434
2644
26444
26459
26463
26475
26483
26497
26501
26514
26520
26544
26552
26574
26576
26579
26582
26597
26598
26633
26654
26663
26667
2667
26692
26693
26695
26697
26702
26705
26710
26716
26730
26743
26749
26760
26767
26768
26769
26792
26793
26801
26806
26809
2681
26820
26821
26834
26837
26843
26857
26859
2686
26865
26867
26877
26878
26882
26890
269
26917
26927
26940
26945
26946
26950
26956
26959
26968
2697
26972
26973
26974
26988
26996
27002
2701
27018
27022
27029
27035
27041
27044
27052
27053
27072
27087
27098
27101
27109
27127
27130
27140
27149
27150
27152
27155
27171
27185
27188
27199
27201
27209
27225
27227
27239
27254
2726
27285
27292
27306
27316
2732
27328
27342
27383
27401
27405
2744
27444
27450
27452
2746
2747
27473
27485
275
2751
27513
27538
27542
2755
27555
2756
27589
27594
27595
2764
27645
27662
27670
27672
27679
27703
27727
27735
27736
27737
27745
27747
27748
27758
27760
27763
2777
27771
27787
27791
27808
27819
27830
27841
27846
27850
27864
27867
27882
27898
27916
2792
27928
27934
27940
27954
27984
27987
2800
2801
28015
28041
2806
28065
28087
28109
28121
28123
28129
28132
28142
28165
28169
28170
2818
28188
28193
28195
28202
28208
28217
28221
28226
2823
28233
28236
28241
28247
28253
28263
28264
28269
28274
28280
28286
28301
28306
28307
28324
28364
28376
284
28408
28410
28434
28472
28474
28488
28521
28526
28537
28538
28542
28550
28552
28558
28559
2856
28570
2860
28603
28606
28611
28614
28618
28623
28627
28629
28638
28652
28656
28660
28676
28701
28706
28710
28711
28733
28741
28747
28772
28774
28779
28788
28799
28808
28815
28824
28832
28836
28848
28855
2886
28864
28879
28886
28903
28913
28915
2895
28954
28964
2897
29010
29017
29018
29054
29058
29059
29108
29125
29130
29139
29161
29177
2918
29202
29208
29214
29220
29221
29238
29239
29248
29254
29256
29257
2926
29272
29286
29297
29327
29342
29354
29423
29430
29444
29454
29455
29458
2946
29479
29488
29497
2951
29510
2952
29524
29549
29551
29557
29562
29570
29579
29584
29588
29592
29593
29594
29608
29627
29632
29634
29645
29646
29656
29663
29667
29675
29689
29696
29698
29705
2971
29718
29725
2973
29745
29748
29751
29754
2976
29763
29774
29798
29812
29820
29852
29864
29867
29899
29905
29921
29922
29931
29938
29958
29974
29981
29986
29987
29998
30001
30008
30017
3002
30021
30029
30030
30032
30048
30066
30067
30072
30080
30085
30100
30105
30139
30146
3015
30151
30164
30171
30172
30180
30187
30230
30232
30235
30239
30246
30264
30268
30274
30298
30302
30306
3031
30323
30326
30329
30331
30336
30337
30342
30353
30366
30369
30374
30384
30406
30409
30419
30428
30431
30448
30471
30483
30489
30490
30497
30519
30521
30525
30542
30563
30564
30566
30567
30569
30579
30582
3059
30593
30596
30609
30611
30658
30669
30683
30685
30691
30694
30698
30701
30708
30713
30720
30721
3073
30737
30741
30745
30748
30751
30758
30764
30765
30770
30771
30797
30817
30821
30825
30831
30840
30842
3085
3086
30869
30870
30878
30879
30885
30906
30909
3094
30962
30966
30972
30982
31001
31025
31026
31029
31034
31042
31050
31071
31078
31085
31088
31104
31105
31107
3111
31114
31122
31153
31165
31172
31179
31192
31201
31215
31219
31228
31237
31241
31253
31254
31262
31263
31280
31294
31296
31308
3132
31321
31326
31331
31332
31333
31341
31343
31354
3136
31361
31362
31374
31380
31381
31403
31413
31425
31435
31441
31442
31457
31459
31483
31485
31487
31492
31496
31502
31505
31519
31530
31534
31557
31573
31574
31576
31579
31582
31587
31588
31590
31597
316
31608
31624
31642
31645
31646
31670
31672
31677
31699
317
31702
31703
31704
31709
31723
31728
31730
31751
31753
31757
31759
31782
31787
31800
3181
31822
31826
3183
31844
31853
31859
31865
31878
3189
31890
3191
31920
31921
31936
31940
31941
31950
31955
31962
31972
31979
31981
31993
32004
32006
32009
32018
32019
32028
32030
32034
32039
32051
32060
32063
32073
32092
32096
3210
32103
32106
32111
32117
32150
32151
32156
32170
32173
32176
32182
32184
32194
32197
32211
32220
32223
32227
32241
32259
32273
32281
32291
32292
32309
3232
32320
32329
3236
32376
32396
32400
32401
32402
32405
32439
32442
32443
32455
32479
32480
32487
32498
3250
32500
32511
32514
32528
3254
32547
32563
3258
32580
32592
32609
32610
32621
32635
32647
32653
32656
32660
32667
32669
32670
32680
32689
32694
32700
32709
32714
32732
32735
32746
32749
32755
32758
3276
32763
32765
32795
32848
32852
32858
32864
32868
32904
32906
32915
3292
3294
32954
32976
32978
3298
32984
33009
3301
33010
33018
33020
33021
33022
33030
33043
33047
33057
33087
33091
3310
33100
33107
33132
33144
33146
33159
33160
33218
33221
33226
3323
33230
33233
33235
33237
33241
33248
33252
33259
3326
33262
33270
33275
33284
33285
33291
33299
33309
33321
33322
33325
33326
33334
33337
33344
33348
33356
3336
3337
33419
3343
33446
33458
33461
33476
33480
33494
33508
33526
33530
33539
33547
33556
3357
33570
33592
33606
33620
33625
33630
33644
33646
33674
33680
33688
3369
33691
33698
3371
33714
33719
33724
33726
33731
33736
33739
3377
33778
3378
33783
33795
33802
33811
33846
3385
33858
33866
33881
33888
33889
33897
339
33907
33910
33919
33927
33945
33958
33966
33980
33982
33985
33992
34007
34010
34020
34021
34023
34035
34039
34042
34070
34081
34082
34087
34099
34106
34111
34114
34138
3414
34142
34149
34153
34155
34162
34165
34193
34207
34232
34271
34276
34283
34286
3429
34293
34295
34318
34320
34333
34335
34355
34356
34357
34360
34375
3439
34425
34426
3443
34437
34464
34472
34485
34486
34498
34507
34512
34519
34534
34549
34569
34599
34601
34612
34613
34617
34618
34629
34636
34652
34657
34661
3467
34674
34678
34691
34706
34712
34733
34737
34751
34752
34759
3477
34776
34796
34812
34813
34821
34827
34837
34849
34854
3486
34869
34882
34888
34898
34915
34924
34932
3495
3497
35014
3503
35035
35040
35041
35052
35072
35091
35094
35102
35108
35120
35121
35124
35128
35134
35140
35151
35155
35163
35170
35174
35177
35183
35198
3521
35215
35230
35241
35242
35247
35255
3526
35267
35268
35271
35285
35315
35326
35337
3535
35351
3536
35363
35368
35387
35390
35404
35409
35446
35457
3546
35466
3549
35490
35493
35503
35509
35536
35542
35565
35566
35575
35597
35611
35639
35640
35648
35650
35681
35685
35694
35697
35706
35710
35719
35720
35725
35726
35764
35775
3578
35782
35788
3580
35800
35818
35819
3584
35860
35872
35885
35919
35929
35936
35937
35941
35946
35954
35966
35968
35979
3598
35984
36002
36009
3601
36022
36082
36088
36089
3609
36090
36107
36109
3611
36113
3614
3615
36152
36159
36167
36170
36182
36194
36202
36215
36227
36231
36240
36241
36250
36288
3630
36312
36320
36334
36343
36345
36358
36370
36376
36387
36391
36396
36397
364
36406
36414
36429
36436
3644
36457
36462
36468
36482
36483
36485
36488
36497
36508
36514
36516
36517
36521
36526
36529
36532
36533
36546
36572
36591
366
3660
36603
36618
36627
36637
36643
36646
3667
3668
36700
3671
36734
36740
36750
36759
3676
36766
36768
36797
36824
36842
36847
36852
36853
36867
36880
36887
36895
36900
36936
36944
36949
3695
36952
36963
36966
36970
36971
36975
36989
36998
37002
37010
37017
37018
37029
37034
37039
37044
37058
37063
37066
37067
3708
37107
37113
37115
3712
37124
37138
37154
3716
37161
37165
37168
37173
37180
37184
37214
37218
37221
37223
37230
37240
37257
37280
37289
37315
37318
3733
37334
37337
3734
37343
37350
37354
37357
3737
37370
37379
37391
3741
37414
37438
37465
37470
37482
37485
37495
37497
37514
37523
3753
37533
37537
3754
37546
37553
37565
37571
37574
37582
37589
37595
37615
37616
37619
37625
37629
37655
37671
37694
37701
37714
37719
37753
37755
37763
37764
37771
37793
37799
378
37812
37833
37857
37866
37874
37877
37903
37924
37939
37946
37955
37960
37962
37978
37983
37993
38009
38011
38016
38020
38021
38039
38052
38056
38057
38069
38073
38077
38081
38106
38120
38131
38141
38142
38149
38158
38171
38173
38182
38187
38188
38191
3820
38202
38203
38210
3823
38230
38245
38246
38253
38275
38276
38279
3829
38296
38301
38317
38322
38335
38337
38349
38375
3839
384
38407
38411
38432
38437
38448
38451
38452
38466
38482
38501
38507
38543
38548
38553
38556
38558
38559
38568
38582
3859
38596
38603
38610
38620
38622
38628
38636
38639
38642
38647
3865
3866
3867
38672
38684
38710
38713
38719
38720
38730
38736
38737
38747
38750
3876
38760
38766
38767
38770
38798
38817
38839
38845
38851
38855
38857
38878
38893
38897
38898
38907
38912
38925
3893
38933
38953
38973
38998
38999
39
390
39022
39080
39087
39110
39114
39117
39119
39131
39134
39141
39142
39147
39161
39163
39172
39175
39177
39186
39187
3919
39220
39223
39228
3923
39233
3924
39250
39251
39254
39256
39258
3926
39267
39276
39279
3928
39293
39296
39297
39298
3930
39302
39308
39319
39329
39338
39342
39349
3935
39359
39361
39395
3940
39401
39402
39403
39427
39433
39442
3945
39456
39480
39489
39495
3950
39515
3952
39523
39528
3953
39535
39545
39557
39575
39576
39592
3960
39606
39608
39619
39643
3966
39662
39669
39670
39673
39691
3971
39734
39744
39751
39762
39768
3979
39792
39796
39804
39809
39815
39828
39830
39853
39867
39877
39883
39904
39918
39926
3994
39958
39960
39987
3999
40003
40017
40028
4003
40032
40041
40055
40066
40084
40101
40137
4014
40151
40157
4017
40177
40181
40189
40196
40206
40211
40240
40260
40274
40277
40281
40310
40311
40314
40320
40338
40378
40387
4039
40391
40400
40402
40405
40413
40418
40424
40432
40437
40449
40454
40457
40463
4047
40485
40491
40510
40511
40524
4053
40531
40533
40536
40540
40543
40550
40553
40558
40559
40565
40595
40620
40640
40664
40677
40680
4069
40701
40713
40714
40727
40730
4075
40757
40761
40769
40772
40776
40791
40797
4083
40840
40842
40847
40854
40864
40871
40878
40881
40890
40903
40908
40917
40923
40937
40949
4095
40964
40967
40979
40982
40984
40995
40997
41005
41007
41009
41016
4102
41020
41022
41032
41053
41059
4107
41078
41091
41101
41105
41109
41119
41121
41132
41141
41157
4116
41161
4117
41171
41190
41204
41213
41231
41249
41269
41293
41302
41316
41345
41348
41361
41376
41388
4139
41397
41410
41412
41417
41424
41425
41429
41434
4144
41442
41457
41472
41476
41484
41523
41525
41544
4156
41578
4158
41592
41594
41605
41612
41617
41621
41622
41623
4164
4165
41657
4166
41677
41681
41685
41706
4172
41724
41733
41741
41743
41748
41749
41752
41760
41774
4179
41797
41808
41818
41825
41826
41849
41875
41889
41923
41933
4194
41942
4197
41994
42007
42028
42058
42060
42079
4208
42084
42093
42114
42116
42134
42146
42161
42167
42174
42175
42182
42187
42188
42203
42214
42227
42236
4225
42255
42266
4227
42276
42293
42300
42305
42319
42324
42327
4233
42333
42342
42344
4235
42350
42362
42375
42376
42380
42382
42396
42404
4241
42424
42467
42474
42478
42479
42487
42511
42520
42538
4254
42545
42549
42551
42555
42569
42582
42585
42594
42602
42603
42608
42609
42612
42615
42626
42647
42662
42664
42667
42681
42683
4269
42690
42693
42705
42709
42714
42728
42763
42767
42772
42775
42814
42817
42822
42827
4283
42842
42851
42855
42859
42872
42879
42893
42896
42918
42935
42938
42940
42946
42955
42973
42976
42984
42986
43004
43012
43014
43020
43021
4303
43069
43114
43119
43124
43125
4313
43159
43166
43180
43181
4322
43222
43223
43231
43238
43258
43271
43274
4328
43283
43294
43302
43310
4332
43321
43347
43349
43370
43374
43395
43398
4340
43400
43413
43416
4342
43438
43442
43452
43466
43493
43507
43508
43536
43538
43544
43549
43556
43557
43560
43563
43572
43587
43590
43592
43597
4360
43601
43605
43606
43610
43615
4362
43624
43627
43633
43670
43676
43682
43684
4369
43690
43696
43700
43710
43715
43751
4376
43774
43779
43781
43787
43792
43793
43828
43831
43855
43863
43865
43866
43876
4389
43895
43909
43924
43927
43935
43938
4394
43951
4397
43973
43990
44028
44029
44037
44039
44040
44056
44062
44065
44076
4408
44086
44090
44125
44138
44139
44151
44156
44158
44185
44191
44195
44205
44208
44225
4423
4425
44252
44253
44255
44263
44271
44284
44293
44304
44316
44317
44327
44347
44376
44384
4439
44404
44416
44445
44467
44471
44479
44489
44490
44491
44492
44494
44502
44521
44535
44543
4455
44556
44559
44563
44575
44588
44599
44602
44606
44615
44619
4462
44620
44636
44640
44652
44659
4467
44672
4475
44751
44752
44760
44763
44770
44775
44777
44786
44787
44794
4480
44802
44815
44820
44824
44836
44837
44849
44858
44897
44899
449
44934
44943
44952
44970
44988
44992
45
45022
45031
45044
45047
45089
45095
45109
45121
45164
45171
4518
45186
45193
45195
45200
45202
45234
45241
45260
45273
45284
45298
45313
45320
45322
45325
45330
45339
45344
4536
45365
45367
4538
45382
45389
45397
45400
45407
45408
45415
45432
4544
45443
45449
45453
45465
45470
45519
4552
45531
45536
45547
45549
45553
45556
4556
45561
45565
45574
45628
45629
45634
45636
45639
45644
45655
45674
45675
45693
45699
4570
45703
45717
45718
45719
45724
45735
4574
45741
45751
45756
45763
45767
45779
45795
45796
458
45805
4581
45810
45811
45830
45832
45838
45842
45845
45846
45851
45856
45859
45880
45894
45905
45939
45972
45992
46009
46010
46013
4602
4603
46033
46035
4604
46049
46085
46092
46095
46100
46101
46112
46115
46121
46125
46130
46147
4616
46161
46163
46186
46189
46191
46195
46200
46201
4621
46215
46216
46228
46243
46265
46269
46277
46278
46279
46283
46293
46297
46320
46325
4633
46335
4634
46351
46369
46385
46387
46405
4641
46412
46417
46423
46428
46429
46443
46445
46454
46456
46471
46497
46507
46509
46519
46521
46522
46526
46532
46536
46541
46542
46548
46552
46553
46561
46563
46565
46568
46574
46576
46588
4659
46606
4662
46620
46622
46625
46637
46640
46647
46653
46655
46664
46669
46672
46693
46698
46709
4671
46720
46730
46737
46739
46768
4677
46777
4678
46793
46802
46815
46818
46839
46894
46898
46914
46917
46928
46933
46939
46942
46950
46953
46961
46971
46974
4698
46991
46992
470
47004
4701
47010
47013
47022
47026
4703
4704
4705
47051
47052
47060
47065
47088
47089
4709
47117
47128
47134
47149
47185
47193
47200
47227
47235
47237
47245
47256
47259
47266
47275
4729
47291
47313
4733
47339
4735
47350
47355
47361
47372
47377
47379
4738
47383
474
47411
47415
47422
47496
47497
47498
47520
47533
47535
47540
47547
47548
4755
47565
47581
47588
47592
47597
47599
47602
47609
47640
47649
47662
47666
47690
47699
47708
47712
47716
47722
47734
47736
47743
47753
47759
47772
47779
47785
4779
4780
47820
47826
47839
47852
47861
47887
47891
47896
47901
47912
47919
47922
47930
47936
47944
47947
47950
47960
47974
47984
47998
47999
48003
48007
48008
48027
48032
48037
48058
48066
48071
48073
48080
48084
48089
48093
48098
481
4810
48104
4811
48133
48147
48160
48166
48169
48172
48174
48177
48194
482
48217
48230
48235
4824
48254
48267
48269
48273
48277
48299
483
48312
48326
48328
4833
48347
48359
48373
48385
48394
48407
48414
48426
48459
48461
48481
48485
48486
48498
48504
48539
48540
48551
48557
48566
48577
48579
48592
4860
48607
48616
4863
48654
4866
48663
48667
4869
48711
48733
48739
48745
48746
48750
48757
48770
48783
48786
48797
48809
48824
4883
48830
4884
48855
48861
48870
48880
48883
48890
48914
48940
48949
48953
48967
48980
48985
48988
48996
49007
49018
49038
49048
49050
4906
49060
49064
4908
49111
49125
49139
49146
49154
49160
49167
49171
49175
4918
49186
49187
49189
49193
49203
49206
49217
49218
49223
4925
49266
49269
49287
49290
49303
49312
49313
49318
49325
49341
49347
49355
4936
4937
49387
49389
49390
49396
494
4941
49414
49415
49421
49439
49451
49467
49483
49484
49497
49517
49527
49529
49535
49536
49542
49547
49553
49554
49563
49564
49576
49599
49606
49613
49614
49625
49634
49638
49649
49657
49667
49689
49695
49711
49716
49744
49745
49750
49751
49773
49792
49808
49823
49830
49832
49854
49857
49872
49877
49894
49898
49908
4991
49915
49918
4992
49936
49937
49957
49960
49967
49973
49982
50
50014
50024
50027
5003
50031
50040
50042
50045
50050
50062
50068
5010
50108
50112
50115
50117
5012
50123
50125
50140
50142
50156
50158
50161
50165
50167
50174
5018
50181
50184
50186
50193
50195
50206
5021
50216
50217
5022
50232
50243
50249
50264
50272
50274
50326
50331
50335
50336
50340
50357
50364
50370
50377
50398
50411
50422
50447
50454
50471
50478
50489
50501
50514
50517
5052
50527
50559
50565
50579
50588
50602
5061
50623
50640
5065
50650
50660
50662
5067
5068
5070
50717
5074
50743
50744
50751
50760
50762
5077
50788
50798
50806
50823
5083
50842
50852
50862
50867
50878
50881
50894
50916
50920
50932
50941
50970
50973
50988
5099
50996
510
51005
51017
5102
51034
51040
51049
51064
51070
51071
51074
51076
51087
51093
5110
51103
51104
51110
51118
51125
51126
5113
51138
5114
51148
5115
51172
51206
51213
51234
51253
51265
5128
51281
51282
51295
513
51312
51319
5132
51325
51358
51368
51373
51383
51388
51400
51402
51404
5142
51425
5143
51459
51460
51466
51482
51484
51486
51507
51509
5151
51519
51525
51531
51537
51543
51554
51558
51564
51572
51580
51582
51591
51597
51598
51614
51623
51625
51645
5165
51654
51661
51710
51738
51748
51749
51760
51784
51789
51796
51803
51810
51825
51831
51833
51853
51859
51867
51868
51869
51871
51879
51890
51893
5190
51927
51928
51938
51957
51972
51975
51981
51995
52000
52005
52009
52016
52028
52033
5205
52066
52117
5213
52150
52156
52178
52182
52206
52212
52213
52226
52236
52237
52238
52256
52266
52269
5227
52270
52295
523
5230
52310
52316
52320
52325
52326
52339
52340
52349
52358
5236
52371
5241
52413
52419
52426
52435
5244
52446
52451
52458
5246
52470
52483
52485
525
52520
5253
52585
52590
52597
52609
52619
52621
52627
52655
52664
52687
52694
5270
52700
52715
52746
52749
52767
52786
52788
52791
52796
52802
52812
52826
52832
52860
52861
52868
5287
52884
52893
52902
52905
52908
52917
52932
52941
52942
52951
52956
52967
52971
52999
5300
53004
53017
53023
53025
53046
5305
5307
53076
53083
53084
53085
53107
53110
5312
53130
53135
5316
53160
53161
53165
53168
53179
53183
53211
53214
5322
53220
53236
53239
53257
53262
53264
53275
53276
5328
53314
53338
53357
53371
53372
53381
53386
53389
53403
53406
53411
53428
53443
53444
53447
53457
53459
53469
53480
53488
53490
53491
53498
53514
53521
53529
53534
53546
53547
5355
53551
53552
53554
5356
53574
53589
5359
53593
53594
53612
53631
53648
53655
53658
53664
53665
53671
53674
5368
53683
53684
53695
53697
53716
53732
53736
53759
53765
53770
53780
53809
5381
53811
53820
53835
53842
53846
53861
53869
53875
53883
53885
53898
53902
53909
53928
53945
53949
5396
53960
53969
5397
53977
53988
53992
54002
54004
54015
54073
54085
54104
54112
54116
5413
54136
54144
54153
54162
54169
54178
54188
54192
54210
54233
54242
54245
54252
54267
5427
54280
54281
54282
54285
54293
54294
54308
54315
5432
54320
54324
54328
5433
54335
54336
54337
5434
54344
54353
54359
54360
54365
54379
54390
54395
54397
544
54400
54405
54411
54443
54457
5447
54475
5449
54494
54499
54504
5451
54514
5456
54560
54568
54576
54584
54590
54591
54596
54614
54624
54625
54628
54643
54645
54655
54661
54665
54666
54673
54688
54691
54704
54767
54778
5478
54785
54789
548
5480
54800
54826
54838
5484
54843
54863
54870
54871
54881
54906
54909
54912
54915
5492
54928
54933
54946
54956
5496
54961
54963
54968
54976
54981
54984
54989
5499
54991
54993
550
55008
55022
55029
55031
55043
55054
55058
55060
55088
55094
55096
55099
55102
55108
5511
55111
55119
55128
55134
55144
55156
55173
552
55209
5523
55235
55239
55245
55249
5526
55264
55268
55278
55281
55291
55296
55298
5530
55304
55307
55339
55346
55350
55368
55372
55373
55377
55402
55408
55409
55444
55463
55476
55499
55500
5551
55510
55512
5554
55540
55542
55544
55551
55552
55553
55560
55564
55568
55590
55591
5560
55602
55610
55615
55631
55632
55633
55644
55645
5565
55651
55655
55664
55696
55704
5571
55715
55716
5572
55720
55723
5574
55743
55752
55755
55760
55787
55792
55796
55799
55804
55807
55810
55817
55825
55827
55836
5584
55842
55866
55870
55875
55878
55889
55899
55901
55911
55914
55920
55925
55929
55940
55942
55948
55955
55960
55961
55966
55971
55981
56012
56013
56016
5602
56022
56026
56033
56053
56057
56065
56069
5607
56093
56098
56103
56109
56116
56118
56126
56132
56134
56137
5614
56146
56148
56157
56159
56168
56184
56186
56191
56197
562
56203
56204
56206
56222
56225
56229
56231
56235
56237
56238
56249
5625
56253
56256
56261
56273
56281
56287
56291
56312
56324
56331
56334
56339
56342
56343
56355
56376
56390
56402
56408
56410
56417
56420
56440
56461
56464
56472
56476
56492
56513
56524
56541
56543
56548
56559
5656
56562
56571
56575
56578
5659
56607
56616
56618
56628
56645
56650
56673
56681
56688
56695
56702
56720
56737
56739
56762
56765
56766
56780
56790
56798
56799
56803
56805
56807
56809
56822
5683
56830
56832
56838
56846
5686
56889
5689
56896
56897
56899
56902
56903
56909
56910
56916
56920
56934
56946
56955
56966
56971
56995
57013
57015
57016
57024
57042
57049
57056
5706
57063
57067
5707
57074
57080
5709
57095
57102
57108
57124
57139
57142
57151
57157
57169
57187
57191
572
5720
57200
57206
57218
57228
57240
57274
57275
5728
57283
57290
57307
57313
57316
57326
57331
57336
57339
57347
57358
5736
57365
5737
57373
57380
57383
5741
5742
57424
57434
57443
57445
57452
57461
57462
57464
57472
57489
57490
57493
57499
57506
57510
57530
57535
57541
57542
57543
57557
57575
57579
57594
5760
57607
57611
57618
57621
5763
57643
57644
5765
57658
57661
57666
57667
57677
57678
5768
57688
57691
57702
57706
57729
5774
57744
57751
57760
57772
5778
5779
57795
57809
57813
57820
57842
57847
57851
57855
57856
5786
57861
57876
57889
57913
57914
57919
57923
5794
57969
57972
57991
57994
58
58009
58022
58034
58040
58043
58070
58071
58088
5809
58119
58125
58130
5814
58145
5819
5825
58278
58286
5831
58405
58420
5843
58447
58476
58513
5852
58537
58546
5858
58640
58661
58680
58681
58708
58714
58735
58766
58794
58797
58799
5881
5891
58932
58941
58968
59023
5905
59099
5910
59137
59148
59167
59168
59170
59174
59197
59217
59220
59269
59274
59285
59289
5929
59290
5930
59303
59312
59330
59335
5938
5940
5974
598
5994
5998
6006
6009
601
6030
6035
604
607
6088
610
6110
6118
6121
6136
6155
6181
6185
6188
620
6215
6222
6224
6237
6259
6268
6270
6285
629
6303
6307
631
6329
6330
6338
6350
6361
6362
6374
6376
638
6393
6394
6396
6398
6403
6404
6408
6416
6419
6431
6433
6434
6449
6481
6482
6494
6508
6518
6519
6531
6532
6549
6568
657
6579
6595
6649
6672
6681
6684
6710
6717
673
6738
6741
6754
6779
6787
6792
6808
6816
6835
684
6852
6865
687
6889
6890
6914
6953
6959
6970
6991
7005
7013
7021
7050
7053
7058
706
7101
711
7118
7125
7172
7208
7238
7249
725
7251
7255
7257
7259
7279
7295
7305
7311
7327
7335
7342
735
7354
7371
7374
7411
7441
7448
7460
7479
748
7498
750
7504
7507
7516
7518
752
7526
7536
754
755
7555
7558
7563
7569
7571
7572
7596
7598
760
7603
7604
7608
7625
763
7635
7637
764
7652
7659
7661
7669
7670
7672
7677
7684
7690
7701
7712
7726
7742
7745
7748
7749
7757
7773
7777
7784
7786
7789
779
7793
7794
7818
7823
7835
7840
7843
7857
7871
7885
7895
7897
79
790
7931
7951
7953
7968
7973
7979
7987
8000
8003
8004
8019
8026
8027
8029
8038
8059
8066
8079
8099
8109
811
8114
8118
8138
815
8156
8168
8170
8178
8180
8199
8236
8264
8280
8281
8298
83
8300
8302
831
8316
8321
8341
8342
8356
8363
8378
8398
8406
842
8434
8444
8455
8458
8469
8494
8502
8511
8533
8537
8540
8552
857
8574
8586
8601
8611
8612
8621
8622
8636
8639
864
8663
867
8672
8673
8674
8680
8683
8698
8706
8708
8709
8721
8728
8730
8734
8736
8751
8761
8770
8776
8780
8796
882
8826
8839
8843
8858
886
8861
8864
8867
8879
8886
8892
8905
8913
8916
8920
8934
8960
8963
899
8993
9007
9009
9011
9013
9018
9023
9028
904
9041
9049
9055
9069
9072
9080
9084
9093
9105
9111
9113
9136
9141
9148
9150
917
9180
9187
9188
9193
9194
9206
9210
9211
9215
9227
9231
9238
9239
9254
9260
9264
9269
9270
9285
9289
9303
9318
9329
9333
9342
9366
9367
9378
9393
9435
9444
945
9453
9458
9482
9500
9511
9537
9548
9561
9564
9570
959
9600
9629
9634
9641
9655
9659
9661
9662
9677
9693
9695
9704
9709
9710
9727
975
9755
977
9772
978
9799
98
9814
9821
983
9831
9833
9853
9857
9864
9871
9873
9886
9893
9901
9924
9929
995
996
9967
9974
9978
9987
9997
