16333811
16044761
5083184
4921774
2016026
2790472
9830936
9878897
13799822
3544855
19591555
3050523
18728369
5024534
730962
1486963
24037528
3412975
1506168
2285308
3760104
9168665
994247
4969147
2779508
2021617
12276553
1570350
7483460
8453602
1486440
4127250
778321
3906683
19953344
17185648
14564026
6659980
1281014
514556
11693113
18733641
5871441
16543928
4685560
5161415
8947150
8032023
4758742
7208676
10316691
783774
5728867
18155094
651955
4974206
5102758
8815172
12991512
2290174
1755887
3622779
23566110
230619
1070463
19369867
988497
21460136
5439281
13588389
9751176
7634944
3176057
20058516
20347552
8579556
651139
5082702
1637800
21244199
303561
435319
9114335
5792379
25051382
8820333
7898101
8447421
6953340
12006600
1892927
25677225
1348397
7766157
25256319
14754958
6052357
3097782
5287330
6052281
1216312
5287266
1892572
2152885
5649699
5649697
4631435
2152786
23355396
8873862
2068841
15278335
8452934
5023334
861573
861569
23776079
7418151
6380736
9383258
7482677
3543432
1833751
5938212
2489383
2935666
19820740
4547128
9672051
8657834
572128
3964075
7844745
645452
7266647
12059692
3543048
21659324
8452352
6237992
1749466
2357138
4889925
2514315
2719566
27729587
11549843
6237831
1064154
3596992
12216504
24799564
5943790
16180358
429331
5859831
6610426
25887029
17052221
1701042
13298925
4841490
5811631
3621928
3958946
6178193
8814011
9750652
9534914
3596257
21532774
2724931
434942
855790
361485
987418
14700501
2929943
14905685
9029872
6663710
1058822
277306
22129622
1886066
14641076
4762987
507808
6447840
21159187
6183376
1010425
12558209
723194
6374193
15698707
928319
8025365
6531295
4473399
2219158
6051124
11691917
1964801
992452
18080973
4703756
2572486
4762062
4052151
12274768
5600305
4052055
18016185
9455632
1700939
3037732
801967
14430488
8740698
933683
25886721
22134411
8451533
19446752
282053
8078658
2151008
933414
1425862
12274146
12709978
3458025
7916901
2718535
1136548
1136547
2224136
4130910
9239275
9107419
1905330
6814525
2008230
10530216
717184
986943
9881502
20188991
13670640
4599242
10578021
19039283
18515383
6657000
12773811
6118624
8661809
20345961
3620642
9449872
7691422
6373880
9822641
3825621
19367639
11480462
986230
6118128
5080723
697036
3609797
1141433
2639460
8866302
11421766
4119112
12209928
2434108
5153811
14629432
8602688
5790227
6050551
10813958
7837617
19117880
5790103
5863595
15854966
6951183
2218262
6999057
4051564
1890682
281801
22686746
11842002
1483980
4834649
9743985
4761187
8450955
5515513
3746765
991221
8518005
1890134
1640871
3614831
2150368
2355569
643637
4907574
9816834
22422424
1688586
11631988
1688506
6872564
1267655
18152786
1135853
4124036
2428656
7480084
13664044
6176781
6451405
4907008
8450034
2428367
17050229
5074426
15775660
427184
5279583
18020227
6367137
2007137
7710186
6945131
3173509
3535991
13742953
6044178
12688861
10313217
19450798
5231170
10939227
2144796
780235
3041415
11415097
2565492
9821692
11263997
24401222
2433622
16456054
12772396
3535517
2012671
926812
6950679
18494443
13658557
1884023
8287385
2276013
9111350
7474303
9821158
16529043
11336892
12208894
26776270
6793006
1056389
6998256
5284507
8733384
7210505
8938485
24454679
16823892
926013
15853651
1502292
5862236
4760238
7126315
7547128
4123776
6939304
16534559
3299549
1061983
22264551
7126032
1193603
4965153
4039654
2511916
7684824
5778015
5803493
6602018
16113414
7973706
5803346
196329
17891662
10018262
26565893
2222660
13820661
196241
7263741
9874184
353455
3877167
3299080
4328373
10287858
17470568
9453199
1398350
8292095
2222330
426694
3456059
9321221
4260896
9947211
20265032
12634355
1819614
8076160
19096040
8365136
221101
15280557
1266191
6655423
4176743
5146889
2070892
2985906
5146794
490682
2275990
15931778
5699284
2070604
15558800
14672459
3377739
2143956
1271888
1339091
1692698
9795337
1476976
3955589
16744284
984482
5567019
984311
1799421
563426
8575509
19233713
7678774
13657569
2432358
984055
5283840
2637563
1692073
4406241
13452149
14049452
15137073
18855686
8864256
12266215
20500322
8648525
5199676
636241
6444412
20500182
3298932
5151404
19727291
3671674
3607081
6037711
4181173
4700883
4254568
8022001
8600076
28176862
21450733
2064807
16112763
9789778
2558990
6292843
4543293
2990043
10811065
9236935
8942984
9946773
3166486
1192403
846818
10101043
6037118
11099915
20758767
12692112
3612588
1192230
1422868
9163117
20396052
1902743
17542939
13084038
20553283
1902643
3239453
4327044
3612270
18355705
9031133
1818792
11893103
13289024
17458896
12128678
2426291
3881816
9104348
4391385
18571013
3797907
4596438
4669870
21082720
2563976
5145682
3592445
4910706
15063474
5218930
1750820
22869679
3797418
478975
17904475
7913076
15714808
4753247
8574903
5218733
2490105
3087408
430872
4200529
3244666
2925971
20342644
12686550
15714523
6864907
1955570
1798277
6095800
6996574
5860919
7256892
15425119
13740113
1955225
1054469
4890547
851053
15694888
3112236
18144718
8358523
430118
1054326
3449165
2709619
16086762
1632218
6937614
6443397
7618775
1823007
14665806
1960827
5571098
4096217
4831521
6805507
419160
5150175
15851326
351872
15141493
24741151
6291814
19574796
13950607
16111411
1744835
13156872
19863691
3659698
1744709
3611632
556716
20131629
3297084
7550612
4390837
10305015
640364
11050712
3816696
6291353
8074480
2352195
7393295
556482
1191065
6569925
2209972
12632541
23207357
17541873
3659204
629781
6041809
1396081
2209735
3816346
4390484
3591844
1817522
845165
6810576
10995086
19358126
208503
10731446
5012966
3106123
11833375
9793606
23187482
10310468
20204031
1881627
5722576
8015190
5986034
15845648
17109772
5012569
2273517
14900804
4379282
9083391
28253620
7182759
15267320
4042136
5433111
14875148
3796076
2478453
13498335
14395094
4825276
272258
1690115
23128349
8994268
140359
16590765
2924447
6442760
9577037
13234425
6285439
6574465
1738522
8935580
18721696
7749656
5643864
11597199
6731493
1342181
15693517
13307551
923112
8357299
11622590
2483992
1415551
4384425
1679023
6035741
20619360
10147594
4962344
5848661
7681976
7123079
5138643
4614655
6495951
15418902
4819818
7039048
5716589
5932133
18990613
24078004
15850085
23049402
14869463
1190323
8494453
16604431
9728826
6279920
20130325
20203795
687103
7044715
2629680
917690
20756137
2208624
3237186
7754384
18485123
12126446
1409874
10068526
6568387
1900095
6231240
24602906
3795622
14262934
628113
12704252
16946723
1625168
6509764
6857038
8572907
6994979
9444874
2140625
18984984
18490652
2766555
2982125
271389
9082194
21069668
1953574
2923711
3952260
501957
24313182
7891212
9155341
13017998
25586657
8283244
9287095
9733359
8802970
20966199
3736201
19508985
18563495
5642957
2213333
4588918
11680098
15628071
8513439
18142358
20413174
10988258
8645104
2398930
5847796
17113693
15897472
24944506
11753020
15055773
1619467
6514464
7327388
6803433
25816332
5715659
9365781
6107716
25106395
12762798
10993744
481169
5426227
6651858
14099246
2423644
12678549
4108528
26056886
9438621
6940728
9233333
12546567
975021
25880193
13311427
3104406
1624620
6087691
6940448
3236050
1203694
23631920
10224854
12546210
6856469
6724653
7200513
980848
9286958
6278146
20118263
9575840
6219614
6856056
4666427
1952924
764934
764908
15422777
17949390
691490
6219484
1472808
7180773
23126698
3373388
19855918
9311835
7180511
5709688
18273887
5058028
9227859
11390311
9575150
8776532
8512977
12130576
20906962
2344371
1952210
1952208
764177
17954815
11042721
9311371
20965060
1124671
11331630
7385146
18478498
8717789
211210
22327134
4093466
5773463
3872891
4876646
5484326
480876
11042298
480806
1256008
10013616
11247341
1124182
21651880
20328068
6513351
1124014
4949726
8697954
6165073
9291294
15270090
7390686
16602626
5978038
6033067
3740364
2554542
2770139
1393466
1177812
16518578
27241797
10150981
842506
915986
12256700
9521511
5714154
10571709
1177660
26271497
3451057
8697356
5209351
5209320
9653058
13804601
2711234
13153064
19801579
9858050
17611896
4376807
7247571
5694389
7331325
6855370
23184441
11746439
3288923
17106915
7042060
4665557
3950710
2186861
7620071
2206041
18267047
9790335
12393760
205023
4954394
15396196
15264323
12550804
2980223
1867896
1951621
3577432
8281520
10849053
2500875
1471554
6218169
11462891
2270000
8065670
1676594
547665
15048142
14333389
2343201
1808983
1255571
10854706
8716839
547330
13857110
17796266
4875763
8222397
5483358
5483322
5556797
3582707
10301744
5556698
13509469
5424857
7830022
1392990
9941937
20175955
24496038
6355005
18418586
1808132
395607
889832
9520889
21493150
3161254
10281866
10927100
1872214
5629364
2553382
9231497
4527333
13803951
21855391
3655269
2469472
204959
757545
1044694
11324935
2915460
7089427
8985034
17091117
9436206
2132077
3102184
20332097
1201551
2895936
1117637
16365758
3287997
8011276
1406544
24936789
3997641
13803045
6110547
14871307
12617137
4737767
1470885
19696645
1181622
7403090
2185417
17105366
4316626
2474387
6486976
341653
20121811
6110014
8979883
4159181
9068433
3733316
16306418
8774430
3649446
630301
1950083
8137897
6354763
1122675
16286983
678188
2210241
7961200
8269417
7383086
14621034
3581875
125342
8269312
10564426
19025599
4369900
2126038
10348620
8510166
6932286
908350
7745103
8558077
5844580
5061209
7818518
9940851
5266319
7902230
1871619
9856947
619082
28086626
2552737
599791
3160301
8563922
3811878
15967385
12470546
20331856
18770875
394381
551578
4526450
15630181
19485486
13572291
1944609
9929942
1596459
683172
3727602
5002101
7798578
2179304
9856359
13802725
26474452
1537854
10990273
3859207
17368939
3233106
7402929
1944206
3811139
9567025
5897685
2757078
8431322
2409673
1116714
5187611
17452436
10064439
17163340
3996895
9014145
6769432
18397060
8058236
3306111
12459095
4820733
472916
1248189
22790070
8347051
14786565
3081452
3081446
2341956
8504291
9440860
2967985
1537066
4242441
9199773
2473698
7113191
4952276
17309731
7671960
2967814
15913742
8773860
5344264
2052602
7607286
27845962
3648882
2762441
7587985
3575367
16810327
11797954
28032663
22383018
14595165
4110239
3516899
3805885
26841882
966557
3311564
10563936
9224603
1169802
7093335
7382339
966249
618803
4090516
2619693
11797352
2125396
11449921
17735974
19024724
5554847
6558699
8004665
413219
7239698
7744238
6103903
5338934
4090084
6642100
4657753
6162188
2840948
4814964
9493528
5422547
6558117
10058244
2756954
13992402
5759422
8899987
7592705
2178711
2130744
7171854
17446030
11381834
5338382
14589491
7107073
6695651
12253599
6274759
8478681
12096272
6431963
971020
261158
1463412
12963298
6768840
3790987
6563591
2130088
6083505
14805233
11454537
18264391
10220648
1727343
8924405
7954247
4309016
9282958
7028756
17788346
11659584
1811001
26341024
471972
8214332
407350
4578562
6504506
7401203
1791486
12595716
2545982
21353729
2966775
18337146
8483739
21221853
1541960
19851671
7606095
24008682
7606064
23905530
182208
4735163
18690366
12595159
255471
10478975
8688492
7900988
10189878
7092197
412579
387035
7033674
25654585
6930509
6557669
14403252
8629602
1614450
10346586
2598979
8208538
25306688
260862
10708801
2907003
18190919
17939460
17807685
681493
3147798
3941416
754744
2755669
10483976
1858880
12541713
5205494
11316036
9854425
19351572
333742
1173558
3520383
15833013
1942358
7591122
5205165
9638506
1535736
10194463
20029797
9927490
249439
5679908
13138496
4950754
12120214
7086144
5968899
4866821
20113288
6478384
8923387
13848176
538205
11815737
6635512
7869290
17523629
1790699
827147
3730944
11237448
13427037
10556298
7737220
3862628
11590949
18420043
5053265
5631315
2098623
2471429
891370
22297378
3441556
5342002
13721858
18762917
964540
4939495
2471186
1779615
19693266
12667738
3719956
2050154
18184617
1672376
8350471
9800592
6977784
411520
7453508
4229149
4498962
6556740
7585293
6267691
8712624
23174869
1167323
5420999
4077891
11447611
8002598
4450626
6101989
4450604
1324256
4812909
8423168
4787285
1108398
4728856
6101494
11604307
15411652
4439667
2911835
1857824
3230419
13510825
20087454
669732
7242988
2970037
2260171
7579938
13280010
16429426
7590269
175376
5204274
9985037
6766896
958576
3567185
1593126
10398712
4660997
621413
6923947
3219554
1666293
10712946
3435011
10061359
7242302
12745153
5835976
14528212
8838434
2386981
5630590
385977
21062875
11946236
6502459
10712464
385847
3645850
5052131
19692562
9931831
7315103
5678117
3572324
4601607
10339356
3861373
2459910
7809271
8975776
4023389
5619589
5619578
674449
14533615
542589
1935748
3356319
385169
2386008
6771466
3513402
12245594
8481098
7873341
11735968
4076958
5262654
8133331
4497607
8133313
747188
8422372
1034339
22085964
4160546
2700005
4581388
2327151
25857341
14993414
2616048
1323133
7309741
17359434
15253608
5683027
12113036
18124325
3566819
2175712
9431919
2391304
6712166
5119887
4149668
3782244
5203606
13773600
4943286
10922024
2043744
19843978
5624358
3277409
15831203
5046103
19759993
18329064
1244915
5046004
1171437
3928782
14297139
19843585
1449912
9142232
1940220
3855100
8211850
13930308
5203014
11788603
5183727
3639333
3507563
17785475
8632430
11524813
2180977
5677745
10422549
5472271
825094
17100649
4359860
26832028
1993681
9978967
3860532
6501313
4286218
8705217
252965
25803318
10422177
3512991
5834311
3776410
1092525
6838081
3139991
3223639
7451801
19475524
9004925
11866941
8469856
541402
1381209
2458438
2879203
18892263
4516172
18098510
26753520
8974236
6074718
8337745
7945640
9919557
614491
3139268
11313874
903444
26405816
18039802
10632574
3007159
5598327
903111
594857
5539950
8710083
16511842
2752943
11313469
15457766
12028123
3854788
4521596
4437709
19416021
9851648
330996
2884391
2331727
1170607
1987578
9273365
16511357
6270682
14717712
6206005
13351387
11582564
1243753
22157332
6691316
20604857
1664496
12454445
18465750
23382860
20952080
11787449
1086121
14590934
4863831
3217361
11234706
11102921
535252
3991726
6969573
3301005
8342156
6896063
403344
6837661
11439735
7866140
1532142
5760309
13918376
4995368
608458
4647902
4285405
6475006
10421323
2609144
5617862
10205559
5617703
4574084
9640605
10205439
6020086
1585724
9399444
5906599
13766655
2036857
12953678
1585577
383231
5681981
25987887
3643398
2614810
5970963
6396608
20295062
12159724
26620797
1585229
11444853
2120286
12111645
9713402
10763644
1526781
8625654
8841248
9424228
12532291
3800096
8263089
1658387
5886422
8420181
10679412
3985807
15588736
9898975
18543251
4941589
18038514
4495218
1610057
11938492
17778003
4857517
5117846
15324827
461713
19263838
4436557
3853505
8389987
16221344
13423987
9477456
21837808
750445
16137341
16137324
6474899
5470948
1579689
3216647
9188109
113707
798108
17230929
5097802
8546656
10973504
3990837
6631643
4509203
1110528
2608612
12321312
2403391
1242287
26120402
1531218
402383
2535047
6704886
6836618
7444273
5411842
5964484
3774830
16431772
7806687
2299972
5327984
23322807
9129086
298910
2299814
1991540
4778469
4284141
20519073
5832355
13187779
11811020
24003571
12374684
9771224
876507
12952646
10762967
744642
1800824
13212882
9339844
12242693
9976252
323762
3715625
13549794
1236939
3558302
8599465
6420916
7786473
3426420
12531441
1716659
8335619
14157146
15671850
12531298
2108679
7497124
10052572
2902231
8335492
9712135
5885518
5391285
18615808
10835729
10184135
25986035
13417306
5669630
13397917
2108198
2108150
4651373
2798752
11516421
23375281
7306321
8388982
2040588
376690
13711923
12079849
3563252
4146240
10972912
5537162
5405372
15949389
3058439
12163485
3709911
738810
4929338
8472308
3720259
4724070
15612131
1662364
7081237
1373283
317813
2040069
5963893
9706660
12814697
244275
2029555
2113341
8099103
738409
28009640
11521686
6678487
13711266
7516869
14103314
13711205
1603685
1578190
11305958
1990809
24771348
15376801
20024104
2113056
1025358
6619846
5326980
10130035
7496920
1162939
1451905
15738633
4802446
2382108
7653967
4067060
4718586
7291390
9711674
9711667
5390776
14372059
17776921
15738346
29332296
2298000
10051815
1451448
12157580
11790152
9759344
1103970
900562
8682017
6972333
15401005
7942497
13921250
8202748
12519825
5668956
2107590
4698786
6972103
9338228
7569477
10472232
591998
16062566
1656010
10966293
10618816
2797702
3478894
6012560
7016359
23315840
375858
3767727
23026776
4639710
1852774
3767634
21257871
5115559
2171338
2592160
8407011
6203025
3708900
2401702
12235880
12872233
3503606
3478196
9764131
5673994
7779737
796043
3057255
18173549
1602900
8471185
11784316
2244152
8760024
4776952
11231624
9837281
7647636
4282593
2092950
19539501
8617736
5962533
18956444
8749443
380975
12656096
1518552
3708119
2028032
13205147
15159822
1024066
15243628
22364666
1978986
6413269
12729071
5120389
6065051
12372746
19965900
1498828
1518075
296462
8886725
9337950
14371295
2875366
10202018
1930590
12734825
24001177
15821178
9264290
22653119
9469432
6755949
2948570
815782
369449
17932948
11730702
19906930
1161204
18383309
9842073
658371
16193674
13631027
5089720
19906647
5594377
4360587
3003039
16350539
10328894
2880674
8891963
18613516
16712951
2106103
13126079
4722661
1899895
18818495
6143180
21761518
8181685
5535363
16339668
6471947
10681978
13263689
3502926
2170250
4722209
3345510
12787569
868669
2605950
8832827
2159605
820588
13336632
8386380
24396847
13047551
868310
1082094
11362489
17696441
12498039
9415478
9415473
820212
7862253
9258184
2111209
10333822
1155377
1708568
14438100
2400061
5251599
21907368
2380796
10117944
2316177
22363917
809413
4800906
5961204
22784616
7068091
7514331
10201535
12660918
19891691
6701345
3061593
6392894
9757875
873597
20496441
320802
2296285
5456022
11929092
16055009
3134511
946708
9131486
2610519
368543
1977329
15026339
8332775
26664629
3266157
2526607
17642912
12649749
873018
1581023
20232303
11645844
3844019
2947290
1845201
19004985
7929968
16706012
10700993
14359193
17280142
7699155
10038985
20569097
9914174
10327930
3339015
24342670
1306611
814160
11224530
10038730
3476907
4011940
6959356
6142386
5739880
5172109
1918150
11513397
22020891
794587
1766916
6538254
8674956
12806058
15657585
10327377
13394485
578828
1898585
4300418
7283710
19621964
446816
12497485
8542804
1575665
7440830
8385506
1839971
9341369
1370361
3212517
7199680
446675
16711085
7488668
3128677
5318290
9908931
5402075
6832929
12233623
8542594
1286348
7934857
19200767
5250993
8879556
867311
14692990
6675594
13829795
9678073
3344089
12786014
11855622
6411846
289000
12233386
13624390
3549135
10680060
17563392
10885235
11302759
6459557
17058626
14437029
10537795
5298413
23944836
4353680
3975845
6411407
3192459
1839000
8747029
6254050
4064425
5901750
23293092
16921664
17925459
5166349
18401322
3422989
4847530
13099641
7072889
2873323
2295251
9624897
2584270
4426417
19458963
5901254
23307666
7855995
788478
7008069
1075613
2873107
16705429
6680480
19253598
1496363
1917918
1580133
9408966
11198672
18092399
26531772
6596413
1364330
8825722
3916398
5954946
11801929
7987230
9913292
1917599
8752144
22219358
6200758
9913161
308636
1521219
4768881
1521199
10326796
2309360
308386
4984248
17063085
4695123
2241916
11644068
16132572
6890875
14975465
9677751
2289774
1574960
6200168
7992761
3270291
5449457
3186342
1922987
24619663
1897466
2446759
21675344
4709783
3921442
156682
8878701
2157554
3837517
8962410
9413603
7282374
19825804
1069745
15524139
288200
9051091
2603628
3416508
13598036
3548256
2241037
5092564
1922391
6879699
6831698
13539587
2157156
2808613
7223619
16631948
7198092
12305588
7933214
16185449
5454549
5659723
9618069
229109
19056011
6879008
10620238
4978410
787888
16415839
3132885
3553656
7139180
13050747
3048990
1074920
2235963
7492682
3710771
5816554
3710768
3048865
1495637
3000831
9971277
3974296
5238378
5900264
7492508
4846214
7071689
15734323
15939590
8462665
25692536
3915757
2367433
24335018
3132382
11643972
655492
9045430
2729787
7492161
1015984
14489091
7986385
4209231
8799163
7433576
7854352
11559679
6595026
1436469
1759084
7927569
23648967
4767623
1304361
792607
3968828
2866829
1896664
4478375
5111477
2734992
22835614
4478296
3210859
7197933
9471365
2445787
3920595
23311399
371370
9544610
1509076
18663913
9098238
14567455
14842154
16047158
601822
1489611
17188926
444534
1837724
4503286
3126517
2445333
6541750
8456620
517873
576184
7281176
7848885
16184824
576075
7932570
2518539
2807577
22888964
4708093
2518443
1020303
11505919
6252254
23942700
649107
11011556
6614683
20008445
17129878
12015138
1705025
13386875
18820099
4424736
5105836
6134397
3552647
21752711
14572537
20566831
8529043
9597451
2582200
1073794
5815493
5237358
3204995
4556102
9911729
3684087
522801
943682
2498298
2812728
23080921
21379357
5526018
13616834
8088450
727776
11353710
9176065
15292888
14513485
7696263
2234273
6883273
2018571
654049
13038415
19877061
10961345
4766928
18104968
6799241
5531816
9406331
2371926
11931304
17976205
3762872
7348320
5663309
1508519
17339618
3341817
9470587
11221170
9891334
4634550
154994
2865613
1219119
3414999
2287492
20066719
1488840
8250799
3835687
996306
732702
3389284
10750919
3125621
7774695
1920562
286211
20223697
805937
10798754
3546250
7642656
16472997
6540657
5163912
12699171
10593374
11431636
5452816
13043085
12435383
2581992
9905360
8528617
10955501
4482420
5031782
648102
24970271
6192003
5789588
5090043
7269206
16388511
6613426
5163269
2786775
9753886
2943918
11010184
4061151
653922
5236536
10607621
6902287
19250881
15575277
3599446
1841790
13121997
4002578
232814
2438905
1566859
8460520
2522682
9621565
1841429
13674256
2497033
9175178
8592172
1757548
7695392
8533774
858566
2365159
1698314
15805316
18294376
1277447
8028809
232152
3472998
16177832
8244289
569077
5530754
17422661
20349164
10949666
4922899
3408115
5951389
17206736
2864868
4271116
5662125
6245101
5314711
1639154
6318580
10901402
790469
21383557
7925101
7215249
7504229
442959
3051551
10744035
15653395
7773968
23730226
8297798
11209452
1644917
2081024
4344051
22269325
13752337
7978792
13247646
22715572
7641697
3329631
19460187
2516647
515719
2516619
1762056
6587566
11767727
310445
6671269
7195112
5872622
4192578
18661286
6901860
3971959
3682811
9595933
26522331
4060449
4759948
18577143
21882710
1139393
2785810
7425391
9390417
4975337
495782
5740258
20564974
5078324
1908191
9668912
16906964
1908052
9752688
4711504
9595322
989763
20070403
941794
15647575
6901011
1007096
19670443
8953829
10317278
16544111
725920
2364323
2437725
3828743
13962261
6592413
2437638
19131842
13457549
3755103
22215511
725662
363195
25546962
9536405
2232244
23014067
7057738
17480318
3045138
989169
6592165
2305541
8737691
2232049
9115379
3912045
7189222
1829346
11713647
